498
622
378
433
878
616
507
580
553
581
431
901
408
450
851
568
579
700
385
457
629
498
756
392
724
451
454
622
814
871
909
911
467
538
463
476
625
685
550
892
681
468
454
530
453
925
503
431
428
1271
408
416
465
525
475
567
477
723
550
530
803
646
517
823
529
636
349
341
742
425
462
425
457
669
527
402
728
729
611
587
619
546
531
491
732
541
703
556
505
752
474
494
855
423
940
423
739
573
526
615
567
494
605
601
1021
680
458
562
545
434
471
563
891
464
385
506
503
571
613
1010
416
795
461
655
675
510
768
781
1046
673
713
610
673
419
487
652
972
825
518
511
731
747
787
580
556
463
705
577
1258
502
652
431
423
517
888
656
761
916
583
675
884
708
604
420
402
875
707
521
417
637
572
495
541
439
610
1007
616
602
413
486
473
446
500
690
376
362
528
441
539
353
653
650
461
564
317
382
616
544
469
409
446
552
642
523
559
650
562
585
745
818
549
525
505
427
408
453
563
396
609
472
417
440
747
314
526
570
876
680
484
397
342
569
550
558
917
587
909
471
758
355
628
491
628
580
446
641
486
535
1062
533
661
425
852
433
567
545
774
374
549
555
399
1000
459
1015
421
461
646
450
599
558
1035
435
382
433
586
618
381
514
387
420
670
639
616
430
858
474
360
492
858
521
391
1142
434
544
444
410
502
859
702
979
473
466
590
820
528
507
429
361
573
531
407
526
424
526
618
743
647
487
730
399
515
501
539
376
470
654
529
798
467
622
799
779
1024
516
839
702
518
549
829
455
523
932
463
737
538
418
628
654
549
430
416
432
486
473
542
629
505
552
462
624
355
369
376
965
809
1004
1056
536
575
756
714
713
510
500
502
614
385
383
613
487
433
657
508
918
422
1120
526
457
698
969
452
388
393
634
422
773
496
608
515
602
638
353
493
470
535
783
519
425
475
939
635
784
795
468
502
525
659
679
632
412
747
398
635
441
707
739
606
543
584
379
478
702
467
587
733
611
538
488
583
427
555
1169
544
369
697
789
741
661
497
815
432
364
421
426
368
622
745
1077
662
668
416
437
632
502
812
471
424
528
401
580
461
484
387
446
335
706
744
1049
505
405
443
534
590
519
767
612
594
460
586
819
499
416
968
684
448
412
608
407
479
505
495
470
703
786
835
531
580
674
560
712
636
620
455
507
549
1020
454
811
662
1051
941
524
369
475
358
501
885
511
525
436
656
372
636
648
507
710
564
329
760
436
735
580
675
582
1040
550
500
758
472
903
432
487
444
596
492
358
903
623
577
717
600
823
623
559
467
370
509
464
610
617
491
592
359
368
509
496
1004
434
584
418
645
515
726
511
427
444
638
351
582
367
751
346
423
636
525
461
670
714
467
781
404
763
616
421
644
604
428
632
576
723
495
463
558
436
561
481
411
651
732
468
660
364
736
678
786
485
386
747
612
751
764
625
519
457
479
436
403
572
404
701
569
661
393
396
449
596
778
345
435
587
524
629
725
486
480
476
782
462
498
600
661
467
421
397
437
606
449
471
404
535
443
860
595
405
561
702
626
477
623
553
497
646
674
678
796
671
871
512
668
696
557
700
387
899
446
780
713
636
774
687
387
791
370
832
672
465
531
700
734
374
536
474
387
1074
427
536
425
499
999
468
441
1133
552
740
383
418
466
519
585
731
440
693
437
656
859
478
711
541
724
476
405
371
547
458
698
675
573
376
625
430
439
868
770
603
421
785
598
830
580
393
378
581
468
574
519
417
467
390
545
737
1027
741
685
576
612
547
386
376
370
935
460
723
541
597
553
438
658
591
483
577
539
803
551
480
392
548
433
415
520
441
810
729
915
456
388
429
635
556
625
416
612
433
566
923
416
734
543
465
460
648
384
644
504
716
347
615
361
516
547
378
420
712
802
681
540
466
909
399
547
484
711
744
465
608
518
604
743
589
513
937
623
697
436
520
745
738
657
724
522
601
605
585
377
484
511
533
616
387
419
921
703
375
575
425
741
411
585
584
557
707
498
664
445
777
631
427
556
372
447
873
761
393
442
436
550
399
811
601
492
529
544
443
879
812
517
741
659
717
651
753
373
684
652
1092
776
559
513
567
479
587
572
534
588
821
489
551
688
601
557
528
412
967
586
687
756
573
505
439
510
516
559
504
584
532
793
749
556
629
418
681
711
453
544
452
460
491
673
639
849
498
402
806
633
576
449
643
538
448
748
436
682
543
411
457
463
505
381
556
605
475
575
644
686
916
345
442
554
475
431
517
961
364
396
401
849
372
580
531
363
461
804
594
554
486
415
510
481
636
593
576
439
747
412
398
432
609
874
476
441
508
471
654
767
624
666
354
441
469
793
417
504
464
649
984
959
441
469
536
357
498
566
851
580
655
408
438
582
521
417
503
492
647
518
476
609
686
661
607
376
592
490
492
471
467
666
682
455
1042
382
805
441
661
452
504
733
599
410
866
389
551
489
611
585
516
572
498
781
662
655
471
433
472
798
414
758
580
477
521
625
864
371
482
364
501
728
523
572
583
467
375
465
902
488
404
659
688
438
708
669
655
497
388
630
1174
591
886
557
548
429
570
695
660
655
933
455
499
608
658
660
406
634
460
589
669
567
550
385
559
504
815
944
414
562
392
375
559
566
386
396
596
365
531
523
538
687
610
792
351
727
960
554
391
581
442
478
590
577
732
471
719
772
630
575
947
1027
607
568
531
403
543
381
505
552
429
666
521
361
426
564
645
544
823
427
734
642
502
952
601
505
743
396
469
528
728
621
354
627
624
722
917
501
483
537
341
588
454
414
558
388
746
518
537
399
488
796
428
626
638
619
755
413
536
690
535
577
577
430
609
754
568
570
756
502
625
595
1008
755
560
483
479
738
990
491
461
520
408
440
442
549
669
451
742
763
497
451
597
461
432
831
821
768
557
481
519
701
468
733
639
507
689
880
745
387
570
554
606
530
447
880
345
506
482
587
507
371
553
584
656
779
589
716
806
510
502
446
422
745
457
462
539
567
555
330
942
997
464
457
650
367
829
506
658
438
392
718
766
848
511
452
594
709
555
881
722
716
643
383
497
519
455
937
809
691
475
664
795
429
733
589
399
349
476
466
454
445
549
618
431
502
435
510
536
728
764
590
520
413
1047
631
519
697
609
528
508
744
605
402
1019
584
547
534
529
566
683
539
589
678
896
725
480
413
620
395
533
548
372
761
759
791
499
491
470
755
783
586
544
1083
566
500
512
865
386
443
837
817
446
439
472
582
482
606
859
408
752
389
697
780
528
351
526
549
532
484
441
656
664
457
377
514
465
591
417
841
514
471
558
603
458
649
592
435
465
429
552
776
411
386
680
794
453
443
446
990
373
400
473
547
673
394
619
549
960
522
675
367
471
735
759
378
393
797
436
402
818
620
426
383
787
661
990
774
928
574
820
767
658
403
387
684
1113
452
567
614
598
370
764
486
531
356
475
512
398
823
489
746
648
555
530
395
388
865
675
609
676
382
619
416
390
572
902
491
549
388
478
513
497
471
472
542
669
1012
482
416
452
392
544
416
1126
808
437
617
723
985
815
728
431
457
773
630
460
452
842
827
759
582
797
443
705
770
689
698
566
563
504
929
400
451
462
474
422
378
374
525
833
331
727
463
526
707
704
840
656
438
689
407
506
475
478
535
631
451
502
924
675
423
537
454
746
384
439
924
391
407
731
739
565
399
634
825
460
361
586
855
563
599
553
989
593
664
642
618
823
516
789
391
396
574
543
498
773
887
392
651
750
476
385
499
611
504
443
680
616
554
380
539
520
526
437
564
814
392
506
639
723
526
493
902
492
1022
512
532
606
647
535
476
425
396
513
827
463
397
486
594
661
659
754
581
387
389
541
406
564
671
599
374
515
459
488
425
452
433
467
558
488
514
812
707
728
426
537
959
898
670
491
591
748
609
539
922
820
580
775
686
430
512
352
738
482
517
719
601
374
708
791
665
1054
601
541
879
500
754
462
572
879
793
694
666
602
506
397
572
606
534
723
508
401
473
732
345
511
579
464
769
688
637
884
431
577
368
451
416
801
936
523
374
388
512
875
589
447
553
410
579
558
513
694
656
896
597
649
482
502
511
773
770
867
687
555
374
413
507
423
484
692
594
491
434
501
768
675
428
535
804
535
359
422
483
492
895
1295
472
733
586
468
534
666
584
427
1076
389
537
515
476
394
905
603
519
643
474
930
571
624
563
433
427
390
682
480
367
578
577
592
763
1180
653
423
528
465
777
674
503
364
469
398
820
497
669
720
427
472
475
1313
637
462
497
466
629
586
503
656
544
441
582
383
518
386
535
577
401
661
522
646
901
384
477
495
691
428
537
432
615
591
413
825
419
1122
343
489
1040
328
491
406
720
623
503
440
589
611
903
476
534
477
564
593
353
612
453
595
739
415
490
387
483
425
452
464
631
503
419
554
442
467
615
863
500
346
496
645
372
537
888
792
499
464
634
761
552
421
687
642
808
489
476
415
611
584
476
427
353
428
624
442
537
709
684
906
806
534
514
897
446
526
440
413
639
556
434
413
415
627
592
696
828
489
520
566
548
344
496
444
481
616
636
497
802
912
676
728
566
484
438
451
380
576
633
823
755
807
394
430
400
826
446
529
512
453
1016
572
604
837
414
830
341
639
507
496
1030
638
483
482
937
371
686
455
543
463
519
697
365
972
497
502
301
378
530
839
422
531
508
512
801
612
651
785
579
519
431
1006
514
401
299
527
964
472
789
473
740
531
765
451
446
664
429
572
517
738
377
791
594
573
436
679
609
381
456
570
428
1278
684
777
446
595
613
696
490
620
611
826
497
1102
735
425
711
492
360
549
359
343
450
411
470
1107
487
1130
601
388
691
548
493
709
598
593
539
506
488
715
783
710
390
666
571
494
526
778
451
687
597
427
659
650
750
468
497
451
469
376
601
544
766
402
448
417
593
422
578
713
461
427
1283
652
548
636
449
434
538
441
729
769
855
610
836
580
602
355
443
470
446
487
703
770
541
482
995
850
582
489
598
381
403
833
525
834
814
483
585
530
689
583
742
647
501
422
469
994
473
453
386
422
799
604
460
360
435
571
354
709
412
459
545
704
401
480
486
636
494
639
412
510
509
608
413
564
547
1449
551
846
639
531
504
470
667
497
611
489
457
540
524
605
501
947
403
729
504
1042
617
670
461
622
792
514
623
617
379
684
467
543
356
374
450
522
493
436
521
351
427
485
539
696
856
551
470
427
710
604
484
1122
447
714
668
681
466
788
431
832
572
551
570
792
519
568
639
1002
513
727
721
704
526
713
800
562
684
623
554
515
508
669
606
956
553
589
584
429
832
573
651
717
467
379
430
462
369
566
423
388
467
428
760
659
480
636
400
646
371
524
400
571
479
446
491
500
607
425
1232
485
989
441
951
699
667
471
554
719
651
706
671
532
549
412
985
615
651
356
683
444
595
648
357
567
372
661
441
401
572
1179
492
402
557
963
452
554
596
650
640
563
461
467
901
392
1055
434
739
658
470
1049
346
465
634
463
986
854
440
526
545
646
577
398
350
731
842
494
602
900
541
587
450
659
592
710
680
470
385
486
524
631
724
639
501
559
398
699
490
532
419
982
698
948
433
726
409
687
507
624
458
576
671
351
502
437
853
372
587
524
400
509
655
670
591
797
633
739
1086
464
805
413
757
471
509
498
736
418
541
694
409
856
547
512
404
592
726
477
509
442
544
719
687
650
356
459
552
403
538
565
622
993
551
618
1013
722
527
530
776
429
660
503
434
515
836
758
549
464
815
590
927
440
402
880
495
434
606
627
416
469
766
795
680
747
348
495
538
457
803
899
505
699
681
578
694
406
403
536
520
423
551
489
499
396
464
478
610
453
571
729
699
726
665
415
715
555
541
671
417
528
643
407
368
429
606
759
568
899
647
919
453
717
842
793
390
768
350
510
939
569
551
632
667
551
398
425
811
572
444
1163
514
931
422
663
905
524
643
821
515
876
548
1066
529
756
693
656
673
500
478
508
413
736
832
1218
600
655
679
403
545
398
734
547
487
677
670
692
421
443
655
584
306
538
525
475
1062
615
392
575
681
753
448
526
889
446
1053
489
543
468
509
543
429
564
728
614
680
539
695
563
1381
578
833
419
757
523
768
540
378
637
589
470
668
911
509
743
443
514
773
382
613
578
577
358
556
875
627
583
643
512
836
738
512
558
608
461
697
475
812
527
728
410
489
400
541
492
654
434
368
678
436
410
427
486
819
510
466
398
620
469
886
467
684
458
470
446
441
792
387
804
636
772
442
841
573
559
562
615
684
462
533
557
507
698
851
874
515
569
908
621
522
382
733
362
686
523
400
587
398
534
476
448
588
479
438
722
860
686
688
837
475
713
759
708
571
822
694
493
961
510
511
419
410
463
456
619
543
477
358
711
562
566
868
423
668
508
393
769
695
497
661
784
398
729
449
426
368
479
544
549
585
542
444
490
498
409
401
568
474
738
474
578
669
545
378
650
415
710
710
1035
631
596
452
536
709
456
419
476
584
540
502
1175
462
453
690
636
512
387
449
506
652
453
493
814
873
666
687
708
617
338
1335
793
507
317
406
722
403
971
600
528
477
582
534
472
783
558
460
753
411
751
438
446
420
473
393
572
509
497
826
705
696
436
433
615
478
501
397
738
608
521
408
632
958
457
524
553
429
1050
611
446
621
583
473
416
499
572
822
607
895
528
403
640
1080
798
551
415
597
617
501
464
1059
613
614
597
857
366
502
424
800
514
441
756
878
402
718
373
749
562
377
837
902
478
567
600
557
701
389
834
526
507
518
515
908
582
656
454
703
531
663
521
583
923
452
870
631
724
415
457
581
421
468
932
457
605
720
564
445
625
617
470
447
669
685
541
650
426
502
358
419
542
529
464
780
637
782
518
801
554
477
481
575
753
731
478
553
511
696
333
606
749
369
856
444
367
491
682
657
592
602
686
399
815
641
504
680
772
356
389
532
492
638
727
543
1078
510
735
791
568
450
1015
518
438
444
833
867
535
438
758
588
721
346
719
533
378
571
427
534
756
313
579
605
618
425
988
517
663
472
683
541
397
695
428
759
362
563
467
717
700
662
702
363
370
564
619
448
575
634
575
406
451
404
709
685
554
796
777
379
642
559
455
582
647
499
658
564
379
494
385
436
526
383
454
624
610
462
570
446
483
390
666
612
1184
455
417
591
681
820
407
723
509
477
566
1039
644
640
569
376
699
502
567
581
476
692
406
588
457
771
593
481
476
440
1174
416
430
686
652
767
618
737
549
446
504
572
873
538
494
538
562
769
576
402
675
512
505
480
868
512
384
684
508
420
500
574
743
381
751
472
487
635
321
686
574
568
413
400
1020
836
1340
529
1107
1028
364
568
414
660
515
408
862
387
535
499
428
473
570
461
772
444
454
472
571
744
682
392
515
920
501
553
433
605
664
690
514
472
593
362
730
911
782
399
573
400
601
533
619
590
461
416
538
632
785
381
380
491
799
523
439
646
462
561
401
758
452
526
496
662
648
524
677
957
556
397
583
600
923
393
697
500
1099
345
443
739
613
529
537
731
665
443
1029
598
410
651
450
516
649
379
750
728
761
350
491
466
541
490
538
598
642
614
564
538
615
436
551
694
412
482
501
452
837
497
682
486
372
682
794
432
376
515
560
545
553
390
602
550
510
621
818
483
642
616
386
754
471
622
541
564
681
482
721
510
785
839
535
549
1153
493
682
498
987
369
575
645
442
567
523
405
986
419
436
539
458
400
637
789
594
457
800
407
420
439
479
469
399
589
698
729
563
639
570
698
735
556
617
557
522
619
517
387
411
319
567
449
765
453
778
578
708
385
552
504
541
523
560
867
486
417
486
676
844
726
465
588
787
787
485
398
534
661
651
567
827
878
634
1067
363
925
533
531
409
441
701
1102
628
556
684
513
1102
1107
814
527
846
503
513
448
1040
459
793
1006
620
650
422
582
532
622
804
727
521
767
444
1034
548
517
508
535
734
509
561
417
671
470
407
680
556
466
531
840
555
537
615
636
499
655
575
498
671
509
981
525
579
708
881
488
692
1106
861
583
744
379
552
649
1067
706
616
870
584
564
706
887
725
539
610
431
549
527
591
708
499
677
404
414
639
592
633
531
947
638
851
362
457
487
874
538
530
527
437
386
528
882
706
518
746
393
1035
401
348
364
473
520
485
508
381
551
453
772
375
491
507
620
867
997
522
551
523
421
672
425
630
848
585
565
591
1071
546
374
514
487
421
632
657
524
433
477
792
554
666
774
503
963
437
394
605
445
392
409
421
631
446
482
640
633
699
408
374
959
393
643
563
513
481
533
650
569
495
755
622
531
474
839
388
452
412
474
563
421
779
527
478
504
449
670
391
567
574
424
634
580
923
595
449
463
466
788
1335
429
576
857
527
472
508
467
547
513
578
509
391
495
635
733
640
524
505
569
566
401
544
710
561
586
731
432
524
700
1183
584
624
447
906
568
490
431
493
562
729
483
539
566
506
620
443
562
411
543
531
490
736
619
496
483
676
593
502
698
752
489
751
864
903
705
811
762
519
497
901
525
1193
655
427
553
637
367
602
475
488
682
446
560
828
585
610
361
317
366
415
920
497
512
604
571
572
471
631
665
855
413
591
400
433
478
437
591
770
584
733
630
596
533
477
589
618
344
402
685
1010
441
898
612
522
467
704
505
526
459
623
988
389
965
531
403
810
717
395
648
389
847
884
579
952
375
815
567
506
751
786
482
624
946
675
624
632
485
526
541
622
697
505
575
430
458
730
537
547
352
397
590
425
506
469
564
799
661
384
620
617
966
693
394
605
500
641
410
450
412
384
495
340
786
395
674
697
374
530
809
559
713
665
638
505
466
417
567
365
561
499
410
413
604
394
405
542
762
1210
543
570
512
487
499
627
463
294
487
705
614
455
404
912
810
410
766
498
483
473
714
536
575
581
474
807
764
622
324
465
354
493
908
757
609
653
545
705
505
632
423
684
1275
908
532
614
513
603
355
761
516
570
737
465
466
682
477
449
483
704
414
510
404
561
801
424
619
632
628
605
574
664
406
485
755
609
783
899
543
493
415
643
815
540
525
525
392
351
768
434
813
504
478
384
565
806
498
581
668
519
976
468
636
553
463
453
590
952
432
503
808
726
794
507
532
779
772
1006
397
550
863
457
398
540
555
1192
397
527
688
784
470
522
584
791
634
736
565
526
1419
589
453
590
425
626
754
580
545
800
843
467
508
503
572
532
525
507
863
483
391
461
821
363
1182
515
514
479
456
526
676
560
729
408
428
712
1011
609
437
636
617
381
808
534
580
659
403
653
465
428
601
558
413
405
574
566
659
539
706
535
502
828
511
756
674
425
602
935
739
421
541
498
747
413
853
531
500
602
908
624
797
531
509
646
1016
483
410
493
465
642
544
745
457
635
616
625
928
847
744
396
492
1125
415
650
513
990
543
434
532
459
596
486
452
546
865
645
392
543
481
640
566
595
317
681
359
886
400
566
441
628
429
629
623
368
538
1146
495
342
950
1092
496
738
395
737
501
675
976
358
688
905
514
522
518
495
446
623
469
538
622
598
472
777
459
475
472
1076
621
1077
519
832
426
370
464
517
571
400
552
672
434
641
838
435
620
610
528
630
851
433
454
817
541
407
660
1044
356
519
738
610
392
636
739
441
423
441
390
557
424
732
592
878
665
464
596
650
494
917
518
445
675
563
616
413
845
530
398
1232
811
480
731
518
615
592
457
831
660
422
657
398
569
522
525
745
973
396
597
858
664
377
361
537
419
625
624
945
765
929
847
368
653
416
939
439
856
343
596
419
388
441
469
882
604
572
574
1277
476
588
468
449
799
413
633
582
720
579
708
875
608
623
473
736
472
867
524
605
382
727
748
572
873
797
657
360
594
348
457
729
374
658
437
469
559
714
424
1275
453
615
628
381
541
449
566
692
820
604
740
458
664
432
421
416
479
553
585
466
625
577
603
410
470
769
409
424
1133
455
845
775
531
444
429
382
462
629
430
373
474
955
591
463
424
883
542
723
647
551
543
555
386
523
794
581
506
973
520
568
598
505
431
1072
497
559
738
639
432
497
707
936
575
899
779
415
684
733
616
901
574
616
527
539
578
732
1306
830
858
725
789
456
617
553
586
650
574
431
442
613
734
444
453
574
901
450
703
573
401
598
871
595
530
815
697
836
391
660
391
473
590
614
563
523
653
761
658
373
924
806
756
676
425
567
927
435
843
530
486
843
518
507
657
638
532
623
402
659
695
377
505
408
699
470
476
717
732
398
481
578
501
428
669
840
607
795
484
357
739
579
507
438
917
488
599
477
468
734
488
565
540
387
411
871
539
450
409
832
460
1162
812
735
440
594
504
530
464
814
574
637
449
729
695
565
1050
668
401
634
465
421
381
394
686
479
445
526
564
692
734
565
801
764
658
405
718
621
531
369
436
361
517
610
752
907
569
366
541
573
351
384
618
451
620
627
582
369
471
610
537
528
430
501
696
655
469
370
796
414
441
444
1008
468
445
530
452
477
406
406
548
703
900
551
829
378
676
542
362
383
454
596
478
721
533
785
719
407
750
754
645
700
829
744
415
969
697
486
515
614
509
744
330
413
478
629
540
778
441
469
624
577
655
378
634
544
749
627
1294
540
454
425
507
653
327
488
430
442
461
399
562
534
734
511
555
451
735
818
792
625
514
781
541
462
541
690
652
546
479
469
684
543
488
708
712
670
418
459
417
407
415
797
768
704
353
622
445
587
603
454
714
534
452
381
672
418
665
373
625
402
571
398
374
726
531
486
746
1083
1073
612
433
702
582
440
382
402
791
617
717
457
749
524
556
566
484
506
752
403
343
436
462
547
462
572
335
640
491
387
730
1169
638
462
426
574
531
508
852
1024
476
362
460
938
394
374
535
656
589
387
566
716
754
683
850
398
969
510
490
521
967
602
540
602
578
570
634
770
583
508
567
702
457
492
623
419
806
671
570
673
720
664
887
753
752
985
454
373
605
398
702
424
491
624
751
535
674
382
939
528
477
507
515
481
533
647
765
714
667
572
522
540
751
485
390
434
487
426
655
449
505
802
708
657
374
419
1048
334
489
706
409
494
490
667
689
471
541
554
637
512
462
910
595
617
344
833
884
477
709
676
381
626
629
358
725
423
603
357
389
614
414
500
458
484
569
378
1147
694
520
490
417
723
470
518
805
655
589
635
533
612
624
436
658
379
502
948
479
786
629
379
743
387
464
584
543
435
423
486
884
563
480
702
516
375
507
542
731
490
1052
677
419
521
447
605
574
434
448
765
787
681
460
431
538
403
680
425
482
643
502
699
669
677
398
567
715
878
446
521
574
567
587
617
924
469
691
820
613
453
524
563
376
507
538
759
509
443
394
654
394
476
524
496
615
1076
449
676
492
1044
439
508
503
552
522
408
1103
390
575
375
381
692
854
650
414
590
694
461
642
437
554
470
700
671
711
502
394
803
504
584
485
421
342
813
389
535
828
636
1022
448
694
599
590
510
500
422
843
827
1015
765
497
375
1032
533
721
549
614
461
548
461
547
867
522
433
606
534
687
438
577
651
757
670
457
486
487
564
1224
472
575
801
663
1169
358
713
488
735
611
715
433
512
418
563
382
423
689
622
521
932
503
658
630
535
536
444
650
514
628
399
659
485
629
514
863
371
614
603
718
518
686
437
625
450
811
477
581
648
629
446
586
597
405
428
699
510
550
395
547
449
974
556
513
941
397
699
446
366
974
960
495
667
414
431
651
1009
518
630
459
959
763
712
468
706
648
389
554
731
780
562
455
435
983
385
505
616
429
571
549
490
596
457
610
440
660
525
618
454
650
498
520
557
489
495
733
430
602
595
569
490
727
452
424
635
388
424
481
365
523
371
599
425
564
610
601
549
602
667
933
680
499
573
729
1113
429
499
567
844
427
439
563
903
588
552
745
824
621
745
538
552
625
674
878
382
431
463
359
497
427
668
641
357
1067
783
728
458
480
553
522
521
739
917
698
459
445
704
492
492
657
662
624
693
489
503
659
619
545
509
595
706
648
574
738
552
595
619
694
516
671
375
574
531
521
767
948
384
705
465
354
456
668
493
421
529
1032
941
822
659
530
618
587
417
452
562
495
547
510
435
416
566
668
377
810
647
405
490
592
470
317
508
551
807
664
610
885
745
519
668
565
1189
429
429
438
359
559
620
579
558
365
508
789
605
732
373
612
697
484
383
386
458
874
466
416
815
515
478
439
943
422
445
569
488
698
472
380
604
410
346
543
447
375
453
558
499
416
1210
459
476
1085
569
800
1032
524
406
435
387
548
368
477
338
781
451
561
556
549
758
540
483
817
537
565
1100
769
635
528
645
437
597
590
566
480
472
389
488
430
648
592
677
472
593
435
463
470
348
695
525
682
899
870
706
554
495
611
731
357
521
406
436
485
652
539
361
446
591
731
535
609
692
566
961
379
466
458
693
823
467
674
561
494
639
530
821
785
445
716
425
633
473
483
415
566
596
766
566
733
378
539
488
646
727
503
405
721
636
523
563
643
499
864
500
492
608
416
770
487
548
722
480
470
479
592
358
665
761
412
538
460
672
850
950
1120
563
350
501
684
481
461
453
493
679
784
570
382
615
1274
421
792
529
976
435
352
996
530
481
347
373
603
683
869
605
810
503
689
548
378
593
641
583
625
753
836
434
544
677
556
437
491
769
789
635
409
1038
583
1131
341
778
835
375
491
403
527
574
356
779
436
459
598
401
639
490
631
813
351
703
449
426
475
429
639
737
359
619
781
390
940
571
667
684
338
458
480
755
728
498
500
873
404
520
576
1105
464
800
838
520
608
745
538
728
779
639
510
942
439
424
1081
576
521
500
604
646
435
543
540
723
456
909
603
670
409
594
631
456
650
758
1314
625
624
471
659
508
517
598
340
402
500
478
616
521
395
663
702
605
471
816
634
686
379
351
486
468
1076
480
420
804
513
455
736
753
675
440
405
356
525
502
536
447
457
403
392
570
1012
386
711
787
879
448
447
542
760
423
489
467
604
624
433
606
475
873
691
606
392
470
659
534
486
476
682
336
666
481
634
388
513
424
366
532
561
455
447
400
838
572
850
506
826
547
575
390
432
657
830
453
864
654
1033
489
429
515
645
437
597
554
369
425
435
860
539
755
429
410
353
670
427
613
411
468
469
384
652
598
429
430
579
867
658
444
544
604
903
684
423
883
541
428
493
719
1063
362
735
491
605
461
688
401
384
517
499
499
431
493
447
415
337
468
450
550
473
578
774
418
634
599
819
492
593
577
494
632
508
448
547
429
471
594
442
836
719
762
779
428
563
869
993
555
393
421
512
607
807
455
478
585
581
561
700
384
667
492
551
444
926
627
813
635
427
491
454
474
897
881
557
471
462
400
449
462
996
536
624
407
403
432
764
367
619
388
567
1007
417
841
479
551
840
559
732
502
818
677
617
548
535
597
594
757
489
482
390
823
636
425
1211
581
475
405
664
538
503
449
387
417
371
525
970
683
615
794
623
590
581
378
559
722
480
722
606
338
653
863
486
662
582
351
378
597
646
470
692
538
503
473
767
426
433
637
455
391
531
411
477
446
377
609
449
441
704
559
565
1120
573
412
451
784
704
907
625
676
671
496
689
514
414
505
430
402
494
379
637
431
445
631
518
537
443
602
416
457
602
453
546
473
362
526
626
370
581
465
557
552
614
641
603
501
536
467
452
425
449
529
793
488
542
404
624
885
538
676
553
417
445
401
581
723
362
586
686
886
662
379
504
514
743
508
625
629
432
606
370
475
599
494
459
591
618
677
497
377
414
402
769
802
684
886
530
791
362
454
990
546
492
477
658
475
530
580
399
474
752
652
673
447
589
435
565
786
487
445
759
341
547
366
446
455
438
638
1035
451
584
417
424
479
604
500
646
603
515
571
643
318
433
457
746
451
636
927
576
511
590
560
768
585
784
568
409
409
716
527
496
459
725
736
605
639
723
466
661
445
500
482
555
645
664
505
499
527
890
410
507
569
484
508
464
492
505
487
392
414
529
523
441
748
898
656
540
765
350
477
465
557
379
478
799
551
579
762
1075
535
503
825
689
595
672
343
453
530
541
922
605
495
860
451
524
779
509
690
583
729
830
471
426
962
805
474
469
883
386
675
746
703
479
717
551
684
588
347
583
485
840
863
541
635
436
598
989
773
443
745
505
534
482
579
490
545
557
566
724
735
383
607
627
440
452
527
517
666
456
383
738
769
602
491
421
553
544
426
471
352
486
483
672
569
465
518
586
538
688
499
501
439
695
523
624
461
1089
572
830
474
718
522
870
685
598
573
716
317
644
485
791
599
738
673
598
1168
842
638
718
466
402
828
566
743
428
350
443
413
650
461
635
565
572
368
730
444
569
624
802
965
574
767
886
445
498
527
415
389
399
834
758
721
792
768
488
428
561
613
869
604
722
405
435
391
521
481
853
661
426
470
572
558
730
510
681
539
537
447
488
590
506
370
654
431
936
543
366
1281
459
378
447
462
577
446
829
560
527
781
630
1096
715
684
944
778
541
567
797
970
644
422
454
469
529
420
430
395
766
360
525
836
552
447
622
495
479
633
484
626
454
838
485
476
1095
533
661
700
811
372
320
389
750
472
643
528
746
429
858
652
405
503
812
1008
363
459
522
466
634
360
413
734
598
724
456
548
719
516
1040
386
435
873
437
581
423
716
488
541
860
785
456
545
491
503
942
682
1146
458
522
394
753
645
525
552
913
802
605
613
486
706
439
467
535
606
413
982
656
489
560
843
506
653
526
417
401
531
456
722
752
533
820
823
647
537
612
620
443
370
622
421
578
379
475
398
412
591
688
634
451
630
538
586
462
544
381
949
519
556
924
574
531
682
645
409
419
687
550
971
549
711
686
905
881
699
961
461
698
584
550
549
401
835
671
660
454
524
675
922
537
676
534
626
531
619
505
499
500
724
480
632
444
835
437
697
499
540
591
407
366
538
928
425
585
791
584
614
485
361
508
394
608
509
626
378
522
536
579
602
513
1087
554
399
577
558
489
739
452
819
769
781
481
763
478
1070
758
742
357
599
532
392
390
523
565
900
634
332
538
473
395
636
768
667
328
506
448
694
694
456
393
441
488
578
818
335
596
395
490
582
343
824
506
511
536
661
593
698
756
422
377
722
424
1126
435
635
494
685
724
1127
523
470
543
808
682
679
841
715
472
808
521
1004
822
601
487
408
398
389
425
530
524
410
322
672
668
763
739
404
379
604
412
973
582
487
428
404
416
448
379
391
527
561
442
401
396
574
462
810
377
559
589
687
779
464
503
712
424
460
833
749
649
423
561
693
496
835
683
643
415
475
506
578
412
384
515
547
360
680
491
501
719
823
583
850
414
598
548
374
1202
606
526
723
496
989
401
845
470
485
914
400
397
662
416
936
608
581
455
452
535
481
387
1032
619
650
424
489
949
353
602
628
417
718
722
400
544
501
593
553
635
806
814
484
670
1285
601
527
767
727
888
357
621
646
587
651
927
397
509
413
851
457
388
712
595
711
707
550
673
500
658
391
615
476
415
401
469
661
969
378
566
582
380
472
753
521
766
595
504
488
520
621
519
585
422
591
423
752
490
430
465
487
1060
430
422
494
558
382
922
443
606
681
499
549
431
381
492
527
403
563
516
420
574
539
444
498
770
599
563
737
732
466
568
648
716
592
680
585
451
604
469
766
403
513
739
597
608
403
412
836
564
422
545
621
433
544
801
532
739
566
518
385
719
475
775
1078
478
637
717
434
510
442
391
511
444
566
396
691
387
693
659
841
700
636
465
571
430
504
584
403
645
433
539
730
609
670
439
637
487
474
533
817
606
473
376
417
623
656
758
452
709
899
740
611
838
916
392
750
438
502
495
337
830
406
398
357
627
620
549
1058
403
453
625
377
416
558
471
607
616
429
555
713
611
534
460
806
381
788
705
677
680
911
806
474
793
766
416
852
465
674
688
628
460
444
480
723
508
1068
655
520
574
603
769
486
847
702
384
958
532
356
494
651
364
483
425
562
610
386
341
1136
504
649
560
642
554
372
453
618
529
1033
449
799
399
717
418
840
419
436
813
621
768
638
622
728
482
1004
526
999
374
851
664
624
376
524
434
628
463
502
579
463
467
495
383
598
1012
406
593
593
448
647
421
667
544
626
614
996
488
403
415
570
868
602
648
646
466
549
699
465
659
433
516
642
1219
425
499
513
483
526
484
537
464
356
495
869
402
416
375
461
486
371
622
514
345
714
459
515
1012
394
556
458
886
375
1143
431
755
493
439
667
423
521
526
440
387
558
719
688
611
835
652
675
416
495
673
587
527
1133
516
934
372
417
711
491
586
801
535
424
725
681
539
540
380
522
588
796
562
557
368
533
892
474
618
736
402
435
592
977
776
444
440
742
487
437
422
614
519
406
562
673
579
783
453
726
658
447
662
522
508
415
433
789
478
617
698
760
847
994
571
456
621
536
493
452
594
774
611
423
523
642
1091
337
546
557
731
602
745
687
458
537
726
745
396
354
762
642
734
773
690
431
609
501
645
652
516
382
401
447
362
513
456
465
694
595
493
679
416
464
567
404
377
589
459
906
410
486
502
402
483
516
403
400
555
466
558
478
586
482
895
313
462
596
954
474
594
498
492
528
663
483
375
880
435
392
364
864
679
457
723
721
502
471
506
735
496
476
576
547
391
513
536
447
574
546
655
490
876
499
483
714
602
853
529
629
506
512
345
444
609
373
371
494
404
372
414
1112
621
572
722
605
646
683
573
426
603
430
1238
543
741
761
583
524
645
389
453
523
404
578
591
441
766
590
832
417
769
503
409
380
451
367
712
629
525
781
815
461
496
386
531
561
425
432
514
599
496
512
349
477
837
536
429
1010
571
611
516
460
363
405
780
740
472
410
645
497
658
822
897
934
376
654
470
965
480
578
364
958
686
538
433
532
544
448
523
360
460
498
707
392
826
748
501
443
489
650
662
513
552
704
519
671
709
405
703
601
648
389
1299
404
531
418
669
588
736
674
478
442
605
384
495
406
523
502
836
588
421
568
587
380
556
432
372
969
653
774
421
951
474
771
478
424
410
475
466
813
394
399
702
418
588
605
415
380
591
458
695
867
696
809
503
428
570
360
528
560
1022
470
869
501
518
632
430
535
429
437
595
397
496
493
431
692
641
401
554
791
484
589
881
609
950
356
560
605
636
599
547
468
629
378
433
575
478
426
635
477
699
994
459
395
385
689
527
573
495
439
432
440
735
542
533
587
889
387
483
706
618
408
417
403
984
1027
499
403
520
499
490
473
968
821
449
479
467
728
484
802
560
633
478
399
401
509
392
692
332
718
771
532
528
523
719
489
503
575
460
455
654
420
723
1144
530
452
396
899
438
697
393
454
542
418
459
876
571
697
527
408
507
740
424
968
550
396
360
546
684
525
649
660
406
447
837
956
628
736
506
503
467
455
633
626
452
478
886
484
374
452
1022
400
422
773
660
459
479
505
785
591
459
610
500
961
599
820
438
591
442
867
779
490
1021
472
350
575
472
649
643
547
600
401
445
500
506
576
750
901
689
553
1045
374
706
370
603
504
464
1323
969
549
571
938
442
581
684
475
643
480
497
800
638
696
513
516
445
719
487
438
406
678
457
415
817
519
597
489
609
551
713
399
891
422
747
524
354
361
487
432
491
399
504
786
534
816
560
498
504
755
628
425
431
434
555
724
545
449
482
389
496
574
997
729
1236
497
446
457
323
539
637
437
826
508
612
704
473
567
702
452
574
800
438
592
744
900
471
794
847
522
778
506
370
387
395
645
679
577
409
531
755
538
666
483
953
505
562
611
640
462
929
714
375
729
595
544
816
582
612
388
413
394
790
337
363
521
775
433
662
396
366
668
780
724
450
453
904
703
741
508
543
466
423
566
424
554
830
458
417
757
515
632
431
438
541
711
563
404
553
474
505
478
501
880
641
478
503
530
639
775
409
566
414
1271
666
511
501
585
443
1085
421
649
823
466
445
547
1284
767
588
490
473
456
424
833
650
746
424
343
638
504
449
503
728
411
516
504
743
485
646
547
432
426
430
506
697
563
574
610
723
763
686
691
604
345
576
580
561
500
692
631
653
825
357
421
641
365
476
677
463
722
388
450
456
449
404
542
493
730
403
499
438
455
524
626
456
422
540
810
404
454
474
542
488
494
639
539
429
748
449
492
354
566
470
379
427
735
379
479
730
482
528
449
548
677
421
487
546
470
427
542
572
530
475
376
468
679
717
873
554
502
411
756
492
641
638
648
643
573
939
668
371
952
930
594
991
651
623
574
700
528
696
431
777
412
523
364
505
446
609
518
820
520
414
1000
440
385
605
509
399
435
705
465
617
495
491
677
604
749
726
792
511
664
708
661
654
393
454
568
451
514
450
513
500
452
443
542
700
409
617
724
579
694
727
675
536
784
767
423
556
542
376
564
612
494
461
601
656
533
731
449
499
683
508
457
567
453
1194
485
736
384
507
515
661
376
942
980
469
527
469
644
527
497
747
736
543
760
612
403
601
381
515
547
799
369
1288
491
521
496
572
566
571
545
582
832
569
492
1391
533
420
668
476
393
411
627
592
642
703
430
538
1157
816
934
604
662
695
567
491
583
513
491
541
483
369
460
484
633
431
698
403
710
474
496
774
440
644
475
517
580
473
850
577
436
721
498
588
976
495
516
503
505
418
486
771
307
504
639
492
721
479
440
649
643
515
547
462
506
473
897
484
558
401
557
389
872
548
345
849
784
586
625
606
573
621
647
459
701
415
739
461
607
754
801
974
628
375
856
610
605
511
796
480
616
636
347
360
731
626
585
532
592
487
633
601
864
552
725
527
806
644
572
487
506
411
682
443
542
443
463
581
498
441
494
775
473
428
417
1292
579
939
530
528
506
613
386
639
568
455
837
380
444
587
717
587
1166
701
601
564
608
472
755
745
567
386
709
691
513
685
494
410
464
644
497
708
505
377
706
503
547
404
465
537
440
478
467
572
384
730
457
843
647
493
515
635
751
614
419
550
652
411
524
473
376
388
521
674
447
515
1093
542
716
344
716
400
856
734
465
568
638
778
610
984
531
911
410
999
970
544
390
570
1446
469
440
816
441
444
803
425
431
520
637
667
375
428
434
933
546
537
777
567
507
460
551
741
684
367
508
839
674
411
376
438
824
453
307
483
862
839
565
539
651
992
456
453
497
898
692
803
457
490
484
414
546
781
384
579
641
427
464
698
950
1098
334
502
444
488
389
529
796
595
554
818
399
375
539
803
653
464
1109
419
888
556
588
408
435
498
566
452
720
385
611
447
634
466
595
684
668
536
872
483
921
553
684
508
818
367
510
473
477
816
409
418
495
424
355
1045
627
1212
688
445
459
798
964
1047
417
590
478
558
614
521
728
547
825
361
799
1121
770
555
629
503
591
520
543
386
658
467
873
506
361
589
505
344
728
332
493
720
647
434
612
434
705
596
401
602
394
1044
633
534
688
494
666
371
563
584
547
515
363
450
867
435
472
402
792
545
719
621
356
433
735
753
424
680
418
505
560
735
769
839
862
690
396
812
470
538
833
683
755
355
536
632
487
501
844
579
663
450
476
1345
543
527
450
675
696
476
522
418
692
662
602
787
647
475
556
503
443
535
1000
693
545
761
504
826
392
727
433
720
444
387
448
360
500
687
657
596
404
393
718
433
507
399
555
531
379
480
498
400
480
429
448
702
913
701
637
584
531
639
749
561
571
556
463
581
906
374
450
1083
984
673
507
623
522
351
809
688
492
488
416
996
431
545
589
752
412
453
586
469
477
591
735
529
687
551
501
662
377
814
497
920
413
440
380
564
383
611
479
520
623
365
632
395
443
627
454
556
514
732
567
886
576
458
447
743
539
575
394
695
492
553
791
613
372
365
646
838
643
788
595
358
589
418
882
476
890
587
408
452
359
816
808
744
929
462
936
493
821
426
499
1020
421
425
586
731
551
876
578
762
1059
966
597
449
446
431
540
476
585
667
410
516
567
591
626
517
406
684
655
1090
578
593
615
399
635
638
380
522
470
581
659
720
397
493
446
606
603
626
478
784
1081
940
712
612
517
413
580
343
419
444
789
557
796
623
506
953
631
809
507
847
422
447
747
1028
546
461
440
800
571
672
1058
501
573
592
372
556
446
847
443
484
642
667
631
1014
360
724
502
428
537
403
712
634
529
802
445
753
448
916
647
673
1024
467
430
526
733
465
467
727
730
554
533
528
504
517
428
706
429
483
855
393
414
530
669
603
426
329
495
376
396
661
800
620
666
616
460
453
662
699
572
693
629
854
566
549
328
626
427
459
494
448
957
394
709
711
381
567
377
445
540
843
944
511
783
502
1153
455
623
408
625
471
401
598
645
605
1020
573
534
902
552
389
512
756
452
463
877
416
586
592
397
772
479
527
628
466
597
355
425
356
404
502
619
594
610
610
461
529
622
556
464
404
437
859
867
455
403
763
756
446
464
668
526
850
480
526
718
661
686
622
867
562
537
492
487
902
500
579
771
593
484
992
484
507
461
649
355
429
483
464
777
379
936
472
401
320
337
440
480
785
542
524
434
543
588
636
371
636
733
642
627
809
610
414
968
412
406
751
473
409
991
562
426
566
518
517
485
416
769
522
657
615
471
495
627
446
812
600
444
705
844
715
353
505
738
487
925
544
355
445
369
438
643
495
401
436
583
485
601
716
716
694
660
370
656
772
812
447
732
572
575
570
756
563
504
488
440
436
617
423
759
584
408
465
712
559
530
460
468
428
474
556
450
626
580
529
943
666
485
822
730
452
560
596
489
474
547
508
874
490
759
373
602
484
582
768
820
606
729
387
470
542
415
460
615
414
571
761
804
481
581
589
514
436
920
412
754
359
475
555
571
744
606
1139
824
480
608
1085
864
463
780
450
463
605
574
638
793
522
518
414
539
1188
718
751
467
597
706
397
436
712
452
360
395
522
574
439
619
586
588
462
428
512
727
602
486
473
533
473
360
830
625
628
400
620
666
412
472
471
433
513
505
550
463
428
1082
803
293
469
605
487
536
598
820
519
892
501
739
747
619
557
451
492
318
942
608
773
570
625
430
425
735
601
821
757
488
654
587
734
616
696
819
534
364
780
453
641
552
513
349
723
857
511
424
587
938
603
573
511
656
764
479
508
718
558
476
377
690
521
875
516
864
428
549
335
463
528
600
450
426
471
680
503
517
885
753
424
688
627
828
688
510
795
555
508
498
837
375
851
387
467
397
651
519
426
684
1058
744
542
388
708
821
481
728
526
600
790
715
473
535
358
509
768
703
826
689
548
577
809
467
600
447
857
873
784
406
362
387
516
535
563
648
551
620
502
466
360
500
364
388
775
698
433
747
702
318
411
629
426
473
946
442
413
539
446
647
454
722
555
584
436
868
510
622
484
1198
544
559
700
648
396
505
560
577
597
869
954
649
819
668
853
606
489
432
409
576
473
590
462
867
482
608
578
530
909
630
749
789
410
666
677
489
979
332
727
586
506
466
591
488
804
465
936
697
431
512
467
573
467
524
609
387
510
728
367
806
854
342
476
493
654
677
404
579
361
458
597
384
560
549
821
401
555
670
463
618
380
364
337
803
485
803
483
447
558
586
394
617
768
455
402
379
535
627
728
504
752
734
510
412
715
758
450
431
600
558
725
725
430
534
535
390
409
632
559
542
486
527
384
373
827
348
858
778
503
587
425
637
481
475
500
385
402
458
931
504
432
643
437
531
592
594
435
737
717
867
441
528
679
408
850
787
463
752
1203
544
632
395
954
527
513
391
442
466
738
526
387
397
459
555
509
414
551
510
742
606
543
599
729
869
561
481
600
536
1001
398
648
536
760
387
488
650
511
527
530
517
466
369
346
678
1105
555
653
535
475
797
699
618
443
593
692
408
861
385
515
401
805
590
532
464
409
536
716
417
469
694
465
601
427
652
537
586
468
577
754
389
406
473
470
552
662
536
583
505
675
669
829
432
652
539
527
425
1062
498
716
1053
490
623
434
640
359
549
1020
937
449
447
476
462
446
396
754
598
561
602
914
497
668
441
743
550
631
594
651
489
800
651
490
663
619
523
757
562
668
712
479
668
615
636
596
485
630
469
548
1095
478
437
455
416
672
645
508
354
567
831
518
617
564
548
396
464
825
859
998
567
543
446
455
482
636
560
454
517
553
450
667
516
570
534
543
407
704
647
437
818
306
444
402
826
430
586
597
528
616
538
740
381
513
439
610
335
611
715
463
455
479
870
706
426
396
484
868
445
375
536
699
442
506
471
426
488
564
890
463
370
356
660
487
444
994
417
499
512
511
442
455
419
624
499
765
873
647
901
464
552
457
767
1030
793
431
449
448
544
880
832
528
735
501
587
755
700
417
456
985
515
620
735
575
379
670
675
852
421
569
821
644
882
1158
541
693
381
459
561
425
329
716
527
764
763
554
536
709
703
850
1055
642
806
378
600
936
383
594
655
692
496
854
554
805
528
576
525
703
690
822
770
526
673
414
517
510
501
558
715
684
1046
512
432
546
957
586
508
575
538
382
756
911
428
657
660
551
425
855
613
422
445
460
459
488
699
684
614
546
529
694
655
480
520
372
547
909
434
538
352
448
614
623
415
520
358
658
521
522
490
479
908
358
473
575
459
468
388
862
474
697
385
498
552
464
708
566
365
851
433
483
495
640
477
435
397
451
502
411
650
700
677
797
493
525
854
512
787
368
430
530
458
1114
1117
1102
1154
1078
1141
1151
1109
1075
1133
1077
1125
1084
1118
1073
1139
1139
1122
1116
1119
1142
1089
1131
1096
1126
1056
1063
1120
1122
1122
1128
1137
1143
1140
1078
1137
1114
1073
1088
1143
1085
1117
1132
1116
1104
1094
1069
1134
1138
1141
1143
1092
1130
1125
1141
1127
1110
1102
1089
1149
1111
1125
1079
1110
1112
1115
1137
1089
1060
1148
1134
1095
1137
1096
1125
1069
1078
1051
1033
1157
1122
1140
1139
1129
1121
1134
1115
1122
1111
1156
1127
1118
1131
1151
1122
1131
1120
1072
1105
1114
1133
1118
1068
1087
1121
1154
1059
1103
1122
1085
1105
1136
1093
1106
1093
1135
1111
1129
1096
1135
1116
1153
1138
1135
1106
1114
1055
1139
1150
1087
1129
1092
1132
1147
1100
1109
1124
1108
1141
1107
1128
1124
1087
1151
1149
1130
1134
1067
1128
1094
1084
1128
1138
1156
1122
1128
1123
1102
1108
1100
1127
1117
1135
1082
1105
1121
1093
1136
1124
1122
1103
1124
1095
1106
1122
1150
1129
1070
1165
1130
1146
1122
1088
1094
1051
1144
1142
1111
1122
1123
1069
1116
1059
1087
1138
1135
1080
1124
1085
1067
1143
1121
1091
1111
1116
1083
1130
1110
1121
1145
1159
1132
1075
1154
1122
1134
1136
1115
1094
1146
1146
1102
1064
1098
1108
1083
1106
1117
1103
1116
1147
1155
1109
1140
1139
1104
1107
1141
1130
1136
1110
1111
1117
1153
1095
1098
1137
1119
1138
1147
1120
1109
1157
1113
1097
1050
1128
1090
1117
1112
1118
1148
1123
1101
1060
1156
1115
1136
1106
1103
1150
1117
1129
1129
1141
1030
1118
1126
1127
1115
1095
1126
1110
1152
1129
1128
1143
1142
1123
1085
1114
1132
1128
1129
1054
1138
1132
1135
1146
1081
1122
1109
1135
1142
1133
1111
1071
1123
1125
1116
1110
1098
1136
1093
1135
1081
1107
1101
1140
1137
1143
1045
1094
1149
1120
1114
1103
1145
1125
1139
1138
1101
1094
1081
1111
1136
1101
1133
1115
1100
1122
1108
1139
1087
1081
1097
1120
1160
1160
1087
1117
1154
1128
1122
1139
1118
1157
1129
1128
1106
1131
1144
1145
1147
1107
1104
1125
1010
1124
1144
1143
1165
1104
1123
1087
1127
1125
1075
1120
1078
1101
1153
1123
1142
1117
1100
1125
1149
1112
1144
1134
1121
1126
1063
1078
1130
1092
1133
1133
1113
1115
1135
1141
1141
1145
1135
1100
1104
1142
1121
1141
1125
1133
1129
1141
1134
1137
1108
1133
1063
1137
1138
1114
1109
1137
1159
1127
1083
1140
1152
1089
1094
1121
1101
1097
1132
1085
1139
1133
1109
1118
1149
1143
1113
1134
1088
1123
1120
1114
1145
1105
1068
1136
1132
1129
1082
1135
1107
1121
1148
1101
1119
1122
1118
1151
1078
1124
1097
1145
1123
1135
1119
1072
1045
1112
1126
1136
1133
1124
1143
1104
1142
1108
1127
1114
1103
1125
1061
1129
1105
1109
1152
1122
1135
1088
1136
1150
1129
1122
1142
1146
1085
1097
1130
1089
1053
1079
1110
1142
1115
1116
1126
1131
1128
1120
1120
1150
1126
1145
1129
1081
1079
1115
1123
1076
1149
1094
1146
1151
1126
1147
1108
1055
1128
1131
1139
1098
1136
1130
1145
1130
1128
1162
1128
1128
1134
1088
1015
1137
1149
1061
1152
1129
1139
1112
1141
1145
1119
1099
1075
1132
1080
1132
1124
1111
1074
1138
1119
1111
1133
1123
1123
1141
1145
1148
1147
1113
1124
1113
1154
1138
1152
1056
1127
1081
1147
1145
1053
1145
1093
1113
1116
1109
1137
1107
1080
1109
1097
1144
1133
1119
1142
1140
1100
1111
1081
1132
1130
1049
1106
1066
1005
1137
1113
1051
1161
1119
1128
1061
1154
1128
1117
1111
1049
1114
1140
1113
1143
1130
1122
1120
1125
1104
1117
1143
1123
1093
1114
1129
1092
1038
1140
1120
1134
1138
1132
1086
1111
1140
1139
1099
1061
1128
1121
1100
1152
1145
1101
1127
1140
1074
1076
1086
1144
1087
1117
1127
1146
1143
1103
1077
1119
1118
1125
1127
1125
1154
1119
1110
1139
1060
1082
1127
1165
1137
1139
1127
1107
1102
1121
1121
1112
1097
1138
1120
1156
1152
1133
1126
1148
1129
1125
1067
1114
1118
1131
1109
1136
1092
1128
1089
1111
1126
1153
1110
1079
1091
1172
1118
1122
1110
1146
1129
1140
1132
1085
1137
1098
1073
1122
1107
1109
1146
1124
1097
1129
1148
1070
1114
1119
1083
1135
1126
1141
1134
1060
1123
1127
1139
1089
1143
1121
1128
1118
1124
1126
1138
1125
1144
1089
1075
1097
1120
1120
1098
1133
1117
1121
1117
1123
1105
1101
1164
1121
1148
1082
1103
1128
1131
1154
1131
1085
1138
1072
1133
1123
1125
1114
1125
1087
1108
1127
1142
1108
1130
1091
1080
1111
1105
1141
1146
1126
1121
1117
1133
1131
1124
1120
1161
1078
1131
1109
1091
1122
1123
1150
1140
1082
1043
1111
1123
1138
1080
1146
1154
1134
1119
1102
1146
1080
1079
1111
1114
1141
1123
1113
1138
1107
1153
1151
1148
1142
1126
1144
1130
1124
1138
1121
1127
1084
1110
1144
1046
1105
1109
1122
1136
1130
1064
1125
1137
1118
1100
1102
1121
1143
1115
1157
1129
1135
1071
1150
1118
1119
1141
1083
1114
1057
1121
1122
1120
1134
1120
1084
1128
1111
1131
1121
1145
1080
1052
1153
1107
1133
1124
1131
1152
1110
1118
1075
1123
1120
1131
1132
1073
1122
1143
1159
1129
1116
1151
1108
1125
1116
1074
1137
1142
1117
1132
1078
1069
1099
1141
1081
1100
1105
1129
1101
1142
1093
1098
1144
1101
1158
1145
1078
1116
1154
1133
1106
1125
1088
1107
1130
1111
1134
1111
1139
1142
1137
1124
1140
1122
1117
1128
1106
1127
1136
1141
1083
1152
1109
1120
1137
1110
1105
1138
1103
1119
1104
1131
1131
1151
1137
1140
1128
1132
1132
1115
1120
1142
1082
1143
1145
1088
1123
1111
1118
1098
1118
1127
1121
1126
1102
1088
1161
1135
1129
1115
989
1128
1116
1105
1125
1129
1136
1124
1130
1128
1085
1133
1073
1056
1148
1095
1132
1144
1123
1106
1086
1116
1107
1130
1136
1118
1117
1136
1141
1133
1157
1140
1142
1147
1130
1149
1131
1091
1127
1134
1115
1105
1112
1104
1146
1074
1086
1096
1142
1131
1084
1121
1097
1109
1086
1135
1141
1134
1122
1151
1109
1144
1090
1094
1098
1102
1125
1113
1134
1100
1136
1097
1132
1144
1088
1140
1142
1125
1130
1129
1139
1125
1136
1114
1116
1139
1096
1136
1094
1130
1067
1129
1136
1148
1101
1125
1142
1081
1122
1140
1139
1124
1105
1121
1095
1140
1143
1134
1084
1099
1126
1069
1130
1140
1064
1105
1134
1146
1106
1124
1138
1087
1061
1104
1118
1141
1088
1110
1141
1120
1133
1135
1118
1090
1062
1103
1157
1126
1099
1108
1134
1116
1060
1141
1133
1087
1125
1112
1124
1137
1151
1069
1143
1125
1115
1067
1100
1131
1137
1116
1103
1106
1137
1137
1117
1135
1125
1124
1077
1106
1129
1146
1037
1115
1140
1164
1153
1123
1146
1098
1132
1109
1155
1135
1097
1102
1135
1127
1124
1136
1118
1114
1122
1134
1157
1055
1123
1091
1088
1146
1142
1147
1115
1147
1127
1135
1098
1058
1133
1125
1110
1114
1131
1142
1134
1117
1116
1128
1100
1084
1071
1059
1139
1098
1124
1126
1121
1096
1092
1105
1130
1147
1063
1134
1113
1104
1108
1098
1119
1079
1141
1124
1091
1114
1132
1085
1130
1127
1127
1077
1117
1119
1104
1147
1135
1146
1095
1080
1114
1094
1109
1137
1125
1142
1084
1149
1078
1090
1144
1126
1060
1104
1134
1131
1108
1115
1109
1096
1097
1075
1136
1128
1098
1126
1089
1099
1141
1080
1113
1151
1130
1146
1133
1123
1098
1139
1122
1086
1114
1083
1118
1114
1122
1126
1133
1134
1122
1139
1148
1038
1093
1135
1138
1099
1143
1128
1111
1114
1126
1116
1094
1104
1135
1109
1062
1086
1141
1111
1128
1132
1108
1140
1135
1125
1152
1134
1136
1103
1097
1151
1106
1142
986
1121
1131
1131
1126
1146
1107
1143
1103
1144
1128
1143
1129
1118
1117
1116
1137
1088
1103
1092
1117
1131
1055
1145
1118
1058
1099
1147
1089
1113
1141
1089
1097
1126
1099
1113
1104
1148
1111
1151
1133
1122
1090
1070
1139
1127
1114
1130
1123
1105
1116
1074
1132
1035
1118
1113
1097
1115
1108
1150
1136
1112
1101
1078
1107
1078
1089
1147
1112
1128
1051
1070
1137
1128
1119
1119
1139
1123
1136
1156
1139
1126
1097
1110
1081
1112
1107
1139
1142
1092
1093
1133
1097
1109
1126
1064
1126
1128
1099
1070
1109
1128
1140
1065
1138
1150
1089
1123
1137
1112
1128
1111
1148
1036
1136
1105
1139
1131
1130
1106
1066
1111
1079
1067
1136
1123
1101
1099
1149
1107
1147
1143
1120
1122
1120
1117
1156
1126
1115
1128
1091
1098
1070
1101
1122
1137
1139
1144
1135
1125
1126
1133
1077
1135
1117
1111
1119
1142
1123
1054
1130
1088
1153
1119
1130
1139
1109
1145
1108
1143
1120
1134
1118
1114
1120
1116
1050
1150
1101
1023
1118
1094
1094
1128
1107
1129
1141
1133
1085
1144
1094
1134
1127
1150
1156
1124
1136
1147
1154
1142
1095
1123
1134
1125
1097
1049
1137
1123
1133
1140
1143
1136
1112
1153
1132
1136
1139
1086
1128
1132
1138
1148
1138
1126
1155
1137
1118
1121
1137
1086
1093
1148
1106
1065
1154
1176
1120
1142
1131
1148
1140
1137
1132
1105
1147
1132
1125
1130
1133
1135
1124
1080
1144
1112
1130
1131
1110
1135
1140
1093
1114
1082
1100
1051
1066
1144
1137
1132
1128
1127
1108
1138
1136
1082
1129
1084
1142
1051
1110
1141
1146
1128
1114
1130
1138
1030
1078
1099
1096
1163
1106
1121
1153
1127
1138
1097
1110
1141
1140
1137
1118
1071
1133
1140
1114
1138
1159
1126
1105
1124
1122
1128
1147
1142
1127
1124
1143
1140
1104
1145
1064
1116
1033
1142
1118
1128
1138
1126
1119
1102
1116
1048
1152
1091
1146
1130
1063
1090
1114
1137
1112
1108
1120
1127
1152
1126
1127
1151
1007
1147
1127
1141
1138
1103
1128
1130
1107
1130
1122
1146
1125
1148
1142
1114
1096
1107
1115
1118
1102
1097
1129
1130
1071
1092
1115
1118
1129
1095
1120
1124
1113
1142
1114
1122
1146
1111
1111
1129
1063
1142
1123
1047
1097
1120
1126
1148
1145
1127
1103
1117
1107
1112
1104
1143
1120
1133
1083
1135
1138
1106
1124
1125
1093
1124
1121
1157
1128
1038
1108
1116
1074
1107
1109
1106
1058
1115
1097
1140
1103
1144
1121
1146
1070
1112
1107
1136
1136
1131
1146
1085
1101
1130
997
1123
1112
1139
1126
1083
1035
1116
1142
1121
1139
1133
1128
1132
1117
1070
1101
1144
1117
1108
1142
1131
1140
1129
1142
1130
1150
1086
1128
1092
1136
1121
1140
1108
1122
1122
1118
1126
1126
1129
1124
1071
1123
1129
1080
1123
1128
1091
1130
1114
1100
1093
1096
1138
1148
1100
1132
1141
1134
1148
1097
1147
1115
1143
1110
1108
1140
1126
1114
1121
1132
1133
1073
1112
1131
1126
1133
1108
1047
1145
1093
1099
1141
1136
1127
1044
1123
1142
1144
1123
1122
1078
1107
1081
1150
1101
1131
1144
1130
1138
1115
1099
1099
1096
1105
1126
1081
1083
1067
1084
1143
1111
1117
1092
1120
1109
1089
1161
1141
1087
1137
1088
1090
1137
1112
1125
1113
1130
1144
1125
1137
1139
1120
1085
1137
1133
1163
1107
1137
1121
1143
1157
1129
1121
1083
1153
1122
1122
1128
1120
1072
1114
1151
1144
1136
1081
1149
1061
1102
1110
1137
1108
1143
1116
1107
1127
1139
1124
1108
1087
1138
1137
1141
1130
1142
1141
1111
1134
1118
1155
1146
1113
1092
1085
1045
1119
1124
1124
1112
1135
1139
1092
1137
1111
1147
1070
1131
1142
1107
1143
1097
1132
1147
1134
1112
1155
1128
1016
1133
1146
1111
1119
1133
1110
1148
1132
1118
1090
1134
1110
1112
1137
1097
1099
1142
1080
1138
1139
1146
1058
1128
1104
1140
1119
1127
1096
1082
1141
1108
1150
1123
1065
1120
1133
1145
1130
1107
1137
1131
1137
1110
1139
1093
1151
1116
1105
1117
1147
1111
1125
1109
1113
1113
1105
1138
1136
1077
1115
1097
1127
1063
1138
1127
1120
1081
1115
1096
1106
1090
1136
1117
1118
1070
1086
1158
1128
1140
1058
1120
1143
1075
1023
1062
1149
1116
1125
1132
1108
1102
1131
1126
1159
1140
1139
1127
1085
1137
1094
1100
1123
1118
1146
1144
1128
1138
1142
1117
1119
1137
1115
1118
1078
1118
1100
1131
1122
1122
1126
1130
1122
1106
1156
1135
1056
1119
1082
1133
1142
1095
1081
1094
1146
1132
1148
1135
1112
1127
1119
1092
1036
1140
1151
1150
1120
1108
1091
1121
1115
1132
1136
1120
1057
1112
1147
1137
1122
1126
1146
1091
1145
1038
1151
1149
1127
1115
1129
1104
1092
1133
1069
1106
1104
1153
1104
1132
1092
1133
1128
1139
1115
1141
1086
1112
1117
1139
1104
1137
1087
1137
1129
1090
1097
1135
1133
1144
1078
1049
1136
1148
1119
1132
1087
1106
1144
1145
1098
1105
1072
1075
1124
1106
1065
1142
1158
1113
1139
1118
1108
1110
1100
1121
1087
1077
1122
1141
1112
1093
1056
1090
1058
1137
1117
1096
1086
1095
1140
1138
1101
1083
1106
1121
1115
1123
1115
1101
1115
1116
1129
1110
1111
1113
1104
1145
1148
1120
1145
1105
1041
1113
1111
1103
1127
1143
1103
1136
1126
1111
1108
1125
1063
1146
1148
1113
1095
1148
1128
1111
1135
1130
1136
1132
1094
1084
1127
1124
1133
1126
1135
1115
1108
1127
1155
1138
1104
1112
1113
1131
1087
1129
1014
1144
1135
1101
1117
1106
1154
1133
1088
1127
1115
1065
1126
1120
1109
1123
1151
1130
1131
1105
1132
1118
1132
1104
1130
1092
1051
1105
1120
1085
1126
1132
1099
1105
1127
1103
1130
1091
1102
1119
1104
1145
1102
1131
1145
1141
1121
1115
1130
1109
1130
1114
1129
1134
1138
1125
1092
1144
1147
1133
1096
1130
1109
1124
1100
1118
1105
1096
1103
1041
1136
1074
1097
1076
1131
1136
1143
1079
1138
1122
1142
1125
1132
1113
1110
1151
1084
1101
1127
1137
1138
1135
1107
1148
1118
1133
1152
1128
1055
1130
1123
1077
1125
1113
1133
1145
1136
1121
1113
1136
1135
1127
1135
1116
1136
1142
1134
1103
1116
1098
1096
1131
1073
1123
1135
1047
1135
1105
1145
1143
1102
1025
1146
1137
993
1124
1129
1120
1114
1134
1131
1131
1108
1132
1151
1119
1069
1114
1108
1103
1124
1139
1128
1132
1146
1081
1121
1101
1099
1124
1146
1128
1114
1111
1095
1126
1138
1124
1117
1135
1130
990
1083
1123
1083
1123
1063
1140
1074
1129
1109
1148
1147
1112
1101
1105
1013
1070
1040
1107
1099
1085
1133
1093
1134
1130
1092
1096
1140
1136
1083
1123
1128
1135
1127
1108
1124
1144
1134
1147
1078
1072
1124
1143
1130
1148
1145
1121
1114
1099
1092
1013
1145
1108
1099
1123
1108
1133
1136
1146
1114
1145
1114
1109
1144
1121
1129
1134
1079
1111
1113
1096
1140
1120
1067
1115
1100
1077
1138
1073
1098
1149
1108
1103
1080
1121
1137
1143
1068
1127
1142
1093
1114
1160
1148
1080
1135
1140
1138
1136
1136
1115
1119
1114
1115
1112
1038
1105
1126
1138
1130
1125
1114
1140
1075
1143
1130
1146
1132
1146
1141
1105
1116
1099
1141
1120
1037
1085
1096
1113
1139
1119
1141
1123
1088
1078
1090
1141
1116
1132
1102
1096
1145
1063
1144
1126
1155
1075
1093
1143
1138
1025
1115
1098
1146
1125
1142
1055
1125
1124
1112
1128
1129
1137
1133
1098
1153
1117
1139
1129
1117
1137
1118
1133
1138
1153
1138
1132
1147
1149
1152
1120
1052
1087
1112
1124
1092
1104
1122
1085
1101
1129
975
1151
1132
1133
1149
1111
1093
1110
1140
1127
1101
1128
1154
1146
1133
1132
1130
1131
1095
1075
1079
1122
1143
1136
896
1124
1106
1106
1077
1122
1122
1068
1077
1134
1096
1145
1081
1128
1124
1140
1089
1140
1018
1152
1099
1140
1141
1128
1067
1104
1140
1134
1109
1101
1141
1101
1132
1142
1119
1059
1146
1130
1129
1102
1142
1098
1100
1107
1082
1125
1105
1106
1126
1120
1141
1135
1118
1151
1106
1092
1141
1132
1104
1114
1090
1137
1043
1091
1140
1109
1101
1124
1128
1125
1108
1117
1055
1094
1149
1112
1131
1094
1128
1132
1135
1108
1116
1134
1099
1141
1098
1150
1131
1053
1148
1132
1138
1128
1091
1096
1098
1139
1130
1150
1102
1148
1142
1123
1153
1143
1122
1098
1113
1128
1118
1131
1116
1131
1128
1117
1139
1148
1126
1107
1144
1099
1147
1137
1112
1059
1077
1123
1141
1063
1129
1119
1139
1140
1075
1121
1135
1124
1132
1155
1103
1123
1107
1113
1159
1126
1107
1131
1126
1134
1128
1121
1148
1119
1104
1144
1152
1110
1145
1135
1086
1112
1093
1156
1134
1080
1098
1145
1117
1125
1133
1088
1159
1125
1109
1129
1144
1129
1096
1132
1023
1100
1106
1117
1128
1143
1127
1136
1159
1116
1105
1136
1132
1089
1154
1097
1085
1042
1121
1089
1083
1147
1113
1136
1101
1076
1103
1150
1104
1145
1055
1132
1120
1129
1114
1141
1083
1138
1098
1141
1090
1100
1143
1119
1140
1128
1132
1081
1142
1104
1147
1129
1119
1111
1053
1095
1142
1106
1098
1134
1121
1117
1143
1121
1082
1132
1119
1119
1133
1152
1062
1134
1137
1074
1091
1105
1135
1127
1132
1136
1119
1123
1095
1129
1099
1103
1137
1137
1145
1136
1063
1123
1075
1107
1121
1129
1131
1135
1119
1130
1110
1139
1126
1138
1139
1109
1121
1141
1126
1136
1105
1118
1112
1089
1132
1130
1125
1120
1096
1119
1055
1136
1047
1135
1139
1043
1150
1125
1064
1149
1096
1095
1069
1068
1135
1121
1111
1134
1133
1057
1102
1140
1116
1138
1107
1126
1096
1148
1125
1096
1062
1089
1136
1141
1084
1102
1129
1098
1090
1123
1148
1133
1122
1142
1139
1139
1074
1125
1127
1124
1131
1144
1117
1019
1129
1123
1133
1137
1101
1136
1115
1124
1091
1134
1113
1145
1128
1098
1141
1058
1140
1137
1133
1142
1158
1149
1144
1127
1129
1142
1093
1086
1144
1135
1151
1079
1060
1078
1137
1120
1150
1106
1134
1108
1116
1130
1136
1068
1133
1118
1087
1100
1105
1137
1132
1139
1134
1124
1120
1129
1108
1068
1126
1093
1092
1141
1130
1110
1112
1104
1136
1120
1073
1099
1113
1143
1124
1093
1096
1130
1133
1159
1133
1121
1135
1147
1138
1140
1072
1057
1135
1152
1119
1096
1124
1114
1144
1102
1140
1139
1099
1111
1146
1111
1138
1117
1101
1142
1136
1147
1077
1146
1128
1121
1111
1096
1084
1133
1096
1139
1142
1128
1131
1150
1104
1137
1056
1138
1097
1123
1105
1150
1116
1138
1137
1137
1140
1119
1047
1117
1079
1035
1129
1119
1135
1144
1116
1108
1105
1114
1129
1091
1112
1109
1084
1140
1101
1153
1129
1147
1122
1094
1119
1087
1095
1120
1038
1084
1137
1137
1113
1130
1090
1093
1122
1100
1118
1114
1145
1127
1115
1140
1133
1123
1108
1099
1129
1095
1131
1103
1076
1119
1151
1150
1147
1050
1125
1128
1125
1106
1078
1140
1127
1102
1065
1148
1140
1132
1139
1109
1109
1108
1134
1139
1075
1070
1115
1129
1141
1126
1087
1130
1148
1134
1149
1135
1108
1017
1134
1118
1100
1057
1156
1095
1104
1123
1119
1148
1148
1139
1114
1123
1144
1111
1131
1129
1152
1139
1132
1046
1129
1112
1035
1060
1126
1112
1146
1133
1070
1152
1150
1117
1126
1111
1157
1144
1057
1131
1136
1128
1126
1081
1109
1107
1132
1129
1128
1117
1119
1135
1094
1128
1116
1076
1126
1103
1156
1122
1144
1081
1141
1043
1010
1017
1091
1077
1112
1092
1100
1135
1132
1121
1107
1124
1092
1114
1131
1098
1109
1122
1142
1146
1125
1045
1143
1137
1145
1125
1047
1108
1112
1118
1106
1109
1144
1112
1120
1105
1130
1150
1126
1124
1066
1107
1131
1096
1123
1157
1140
1099
1082
1123
1119
1108
1144
1130
1125
1129
1082
1100
1099
1121
1140
1137
1147
1071
1068
1117
1060
1144
1080
1135
1100
1115
1076
1127
1113
1090
1136
1127
1124
1099
1118
1144
1140
1143
1133
1124
1102
1110
1119
1080
1140
1089
1114
1094
1092
1089
1082
1142
1103
1125
1140
1081
1154
1082
1114
1134
1117
1092
1135
1111
1134
1075
1134
1111
1115
1041
1130
1092
1107
1093
1123
1142
1108
1112
1119
1132
1084
1117
1132
1148
1122
1088
1136
1134
1124
1113
1138
1070
1097
1103
1151
1143
1063
1115
1124
1117
1143
1147
1142
1080
1122
1097
1111
1105
1126
1139
1139
1150
1153
1149
1125
1131
1124
1135
1142
1141
1109
1140
1151
1114
1086
1113
1113
1132
1138
1136
1141
1119
1136
1110
1065
1145
1104
1111
1131
1081
1123
1145
1096
1124
1156
1095
1099
1126
1140
1113
1136
1138
1130
1118
1124
1123
1124
1120
1065
1121
1124
1069
1083
1062
1092
1047
1111
988
1161
1074
1149
1118
1112
1120
1132
1142
1109
1153
1115
1105
1056
1104
1134
1119
1111
1146
1105
1155
1136
1125
1119
1114
1061
1021
1140
1126
1136
1136
1134
1105
1126
1107
1134
1140
1139
1137
1132
1131
1123
1080
1135
1151
1093
1112
1136
1122
1148
1112
1119
1138
1104
1134
1131
1132
1136
1118
1120
1116
1023
1109
1116
1082
1135
1141
1136
1132
1073
1080
1089
1092
1125
1134
1137
1146
1127
1124
1110
1120
1065
1086
1115
1137
1081
1134
1137
1141
1112
1088
1090
1125
1131
1117
1131
1086
1133
1076
1121
1139
1075
1026
1108
1141
1093
1143
1122
1128
1133
1122
1115
1148
1153
1084
1070
1092
1109
1089
1138
1123
1135
1120
1132
1124
1123
1087
1122
1123
1119
1138
1082
1116
1121
1144
1147
1108
1137
1081
1151
1047
1147
1141
1123
1142
1100
1127
1107
1110
1126
1138
1152
1143
1100
1048
1110
1147
1128
1146
1071
982
1111
1121
1109
1104
1121
1152
1099
1132
1126
1137
1106
1114
1151
1140
1084
1130
1139
1091
1127
1149
1152
1107
1156
1102
1090
1140
1128
1107
1113
1147
1125
1088
1104
1158
1140
1137
1075
1074
1143
1127
1132
1130
1129
1142
1092
1132
1141
1108
1136
1116
1134
1139
1147
1144
1107
1148
1089
1141
1141
1154
1124
1083
1129
1139
1125
1135
1116
1106
1120
1100
1117
1118
1106
1144
1116
1137
1003
1126
1131
1103
1031
1135
1140
1104
1120
1125
1097
1048
1102
1128
1100
1097
1142
1140
1131
1124
1072
1142
1139
1137
1129
1127
1103
1123
1118
1094
1114
1137
1132
1110
1157
1081
1091
1123
1131
1108
1158
1113
1144
1123
1124
1075
1113
1108
1077
1125
1127
1159
1148
1145
1089
1123
1086
1135
1145
1138
1151
1156
1141
1130
1134
1100
1133
1086
1163
1117
1116
1143
1079
1090
1131
1073
1127
1084
1141
1101
1093
1124
1117
1123
1137
1098
1107
1090
1118
1079
1124
1041
1140
1141
1085
1126
1132
1106
1124
1092
1111
1121
1108
1123
1139
1097
1141
1153
1130
1136
1132
1105
1139
1118
1095
1128
1112
1091
1131
1118
1068
1090
1083
1043
1095
1127
1146
1084
1071
1111
1112
1092
1093
1063
1125
1089
1068
1124
1151
1095
1100
1150
1127
1126
1143
1069
1119
1098
1120
1147
1151
1106
1128
1135
1084
1106
1114
1118
1139
1135
1096
1117
1160
1107
1109
1149
1154
1066
1106
1122
1079
1106
1127
1117
1118
1096
1156
1122
1147
1111
1148
1138
1131
1131
1118
1121
1122
1118
1096
1154
1146
1087
1125
1141
1038
1127
1136
1155
1041
1096
1119
1095
1131
1096
1123
1124
1121
1111
1106
1125
1118
1143
1093
1126
1078
1104
1135
1099
1147
1107
1106
1078
1133
1060
1136
1121
1148
1151
1106
1097
1127
1118
1134
1123
1083
1121
1137
1116
1131
1125
1071
1133
1142
1127
1106
1120
1079
1081
1135
1134
1106
1131
1144
1121
1139
1083
1129
1130
1087
1144
1071
1138
1058
1121
1126
1066
1145
1082
1123
1143
1146
1144
1102
1101
1127
1105
1131
1142
1106
1097
1143
1091
1112
1116
1117
1149
1121
1131
1095
1091
1145
1127
1122
1120
1142
1089
1069
1077
1109
1149
1132
1091
1119
1094
1097
1150
1151
1124
1102
1105
1112
1120
1112
938
1139
1111
1090
1107
1128
1132
1144
1105
1130
1138
1110
1138
1068
1151
1107
1092
1143
1133
1104
1153
1075
1119
1143
1085
1159
1100
1123
1142
1074
1093
1133
1049
1146
1139
1108
1105
1138
1111
1090
1128
1118
1099
1095
1099
1132
1122
1093
1132
1107
1124
1131
1124
1115
1130
1061
1135
1149
1132
1133
1093
1109
1129
1100
1144
1114
1094
1103
1146
1145
1117
1137
1153
1138
1008
1053
1140
1096
1139
1114
1104
1110
1118
1113
1123
1139
1126
1138
1114
1126
1104
1110
1085
1100
1072
1101
1079
1052
1062
1130
1137
1150
1136
1126
1143
1054
1055
1138
1138
1143
1077
1121
1149
1126
1160
1118
1161
1120
1049
1118
1129
1132
1067
1091
1106
1134
1147
1125
1120
1113
1088
1081
1033
1135
1121
1113
1109
1115
1130
1144
1140
1102
1142
1131
1146
1146
1132
1107
1080
1142
1135
1093
1122
1131
1149
1124
1092
1077
1061
1167
1079
1132
1097
1139
1133
1129
1132
1072
1099
1131
1133
1135
1117
1136
1133
1123
1147
1129
1123
1052
1125
1117
1119
1125
1126
1127
1061
1097
1069
1120
1037
1140
1142
1120
1104
1086
1087
1118
1138
1111
1154
1135
1104
1124
1150
1025
1153
1143
1067
1120
1143
1146
1027
1118
1127
1137
1132
1157
1080
1121
1138
1138
1136
1137
1071
1111
1142
1137
1145
1069
1114
1068
1108
1103
1158
1121
1137
1132
1097
1102
1134
1131
1138
1112
1070
1081
1138
1110
1131
1065
1126
1151
1129
1154
1149
1128
1115
1119
1086
1120
1135
1087
1069
1117
1147
1106
1154
1146
1115
1156
1124
1126
1060
1117
1136
1135
1137
1063
1120
1144
1132
1135
1114
1127
1134
1095
1117
1145
1125
1093
1103
1107
1141
1111
1137
1141
1134
1127
1106
1086
1157
1082
1114
1146
1020
1141
1097
1107
1107
1118
1068
1147
1140
1108
1095
1117
1101
1154
1144
1102
1162
1109
1126
1098
1113
1130
1156
1109
1078
1088
1142
1070
1129
1132
1131
1134
1110
1127
1130
1108
1133
1149
1086
1098
1121
1102
1144
1125
1070
1034
1122
1120
1132
1152
1100
1127
1144
1128
1057
1115
1136
1128
1072
1137
1117
1149
1153
1139
1157
1149
1124
1149
1142
1110
1125
1109
1110
1151
1129
1128
1062
1054
1087
1121
1129
1165
1067
1109
1140
1102
1133
1106
1124
1144
1102
1111
1128
1156
1153
1113
1057
1144
1089
1119
1124
1126
1062
1103
1129
1097
1107
1051
1152
1124
1122
1087
1117
1140
1113
1134
1154
1122
1138
1109
1101
1106
1138
1103
1156
1142
1116
1138
1128
1113
1099
1108
1123
1120
1150
1114
1086
1139
1126
1066
1150
1132
1132
1138
1120
1114
1093
1103
1127
1116
1115
1106
1146
1141
1134
1104
1136
1127
1125
1124
1092
1123
1121
1135
1128
1088
1120
1081
1150
1116
1133
1093
1105
1125
1129
1082
1058
1137
1110
1073
1123
1115
1145
1143
1151
1131
1102
1116
1149
1142
1127
1122
1115
1125
1116
1107
1099
1085
1126
1121
1090
1106
1135
1098
1154
1063
1125
1134
1128
1132
1118
1126
1154
1146
1144
1119
1100
1140
1129
1135
1045
1076
1117
1143
1134
1022
1102
1122
1178
1097
1137
1135
1129
1098
1126
1110
1110
1080
1111
1118
1122
1104
1098
1154
1091
1116
1138
1056
1122
1135
1143
1147
1088
1077
1110
1127
1116
1138
1106
1129
1075
1133
1043
1115
1082
1136
1118
1120
1130
1130
1115
1140
1119
1156
1097
1124
1142
1124
1141
1056
1147
1135
1121
1131
1131
1105
1128
1106
1124
1140
1124
1133
1124
1142
1136
1135
1148
1144
1138
1147
1136
1107
1143
1139
1103
1145
1121
1106
1130
1144
1150
1114
1144
1126
1099
1150
1084
1090
1124
1114
1089
1114
1143
1078
1145
1139
1154
1142
1130
1149
1118
1124
1094
1145
1140
1146
1149
1131
1129
1116
1129
1139
1141
1137
1151
1019
1128
1071
1123
1079
1122
1132
1136
1086
1131
1088
1117
1132
1143
1078
1087
1119
1179
1112
1125
1153
1095
976
1134
1161
1141
1058
1127
1116
1102
1108
1040
1133
1079
1118
1118
1114
1116
1126
1155
1078
1131
1148
1111
1065
1142
1122
1132
1123
1124
1135
1117
1122
1110
1120
1144
1149
1128
1156
1124
1129
1147
1137
1116
1119
1101
1109
1098
1095
1141
1121
1099
1077
1105
1105
1124
1074
1123
1098
1038
1157
1136
1109
1148
1139
1171
1133
1082
1079
1112
1083
1110
1137
1137
1124
1130
1113
1073
1118
1017
1115
1110
1150
1145
1112
1125
1083
1112
1083
1103
1112
1149
1146
1140
1101
1099
1134
1151
1075
1096
1069
1083
1149
1010
1146
1142
1129
1120
1066
1127
1130
1084
1137
1056
1136
1132
1135
1141
1067
1090
1150
1057
1134
1147
1123
1087
1121
1119
1118
1128
1103
1128
1093
1152
1126
1081
1099
1077
1118
1141
1101
1142
1126
1074
1059
1144
1118
1120
1125
1128
1117
1138
1076
1130
1070
1141
1123
1143
1143
1141
1088
1120
1136
1141
1136
1092
1082
1129
1120
1128
1108
1119
1097
1137
1140
1135
1121
1138
1155
1084
1130
1141
1130
1069
1135
1121
1136
1022
1140
1148
1122
1038
1128
1126
1154
1142
1131
1083
1104
1111
1130
1132
1103
1128
1133
1103
1119
1134
1110
1139
1121
1148
1143
1132
1152
1119
1107
1110
1124
1130
1138
1121
1135
1138
1129
1105
1125
1141
1126
1123
1100
1149
1107
1130
1127
1123
1114
1123
1024
1090
1138
1107
1139
1088
1111
1119
1109
1078
1097
1125
1089
1137
1040
1125
1143
1142
1138
1098
1002
1147
1134
1123
1134
1125
1146
1129
1108
1115
1137
1090
1100
1120
1143
1128
1122
1107
1147
1090
1161
1134
1096
1123
1122
1101
1116
1130
1118
1144
1113
1038
1117
1115
1119
1098
1101
1134
1091
1124
1151
1156
1122
1145
1134
1119
1119
1123
1090
1159
1083
1125
1125
1060
1088
1124
1104
1139
1054
1131
1105
1160
1086
1133
1073
1131
1131
1076
1077
1043
1079
1155
1116
1093
1137
1130
1121
1126
1107
1119
1113
1097
1144
1006
1159
1117
1134
1096
1100
1029
1081
1120
1108
1115
1117
1136
1132
1137
1121
1103
1087
1034
1133
1137
1115
1102
1078
1099
1121
1115
1079
1113
1095
1109
1070
1129
1119
1134
1047
1121
1134
1123
1123
1128
1110
1136
1091
1100
1111
1133
1139
1130
1113
1111
1130
1114
1157
1156
1125
1129
1134
1146
1153
1112
1114
1100
1116
1105
1141
1096
1155
1080
1130
1092
1108
1113
1139
1138
1149
1053
1125
1072
1160
1112
1145
1141
1119
1132
1120
1150
1130
1147
1148
1155
1146
1135
1068
1093
1128
1075
1125
1118
1138
1136
1132
1127
1145
1116
1137
1130
1070
1121
1103
1121
1121
1110
1125
1143
1141
1128
1063
1142
1082
1115
1137
1122
1090
1122
1066
1094
1107
1105
1067
1123
1142
1135
1137
1104
1142
1150
1116
1125
1147
1103
1127
1079
1134
1102
1147
1137
1128
1149
1091
1087
1138
1080
1104
1115
1131
1131
1130
1124
1109
1090
1126
1133
1046
1116
1146
1142
1146
1119
1100
1107
1132
1120
1095
1153
1123
1144
1107
1135
1142
1125
1135
1135
1079
1086
1147
1133
1095
1116
1099
1136
1124
1138
1148
1101
1134
1126
1111
1139
1121
1139
1135
1118
1040
1149
1108
1125
1091
1029
1109
1144
1101
1127
1117
1135
1084
1104
1082
1111
1127
1087
1106
1051
1146
1119
1092
1129
1161
1039
1136
1109
1140
1117
1129
1154
1114
1130
1130
1120
1111
1087
1141
1131
1080
1113
1096
1148
1096
1135
1133
1116
1117
1105
1100
1130
1133
1143
1131
1154
1127
1134
1154
1097
1129
1109
1153
1141
1123
1089
1133
1139
1055
1082
1138
1114
1139
1071
1111
1086
1057
1084
1128
1115
1124
1117
1132
1131
1133
1141
1127
1106
1134
1132
1112
1133
1143
1147
1081
1123
1146
1128
1118
1146
1095
1118
1126
1101
1145
1094
1074
1097
1115
1128
1078
1033
1106
1119
1098
1054
1106
1109
1134
1082
1128
1121
1084
1133
1135
1108
1141
1121
1132
1128
1081
1113
1146
1134
1153
1084
1118
1152
1159
1082
1136
1130
1115
1120
1143
1128
1122
1151
1140
1145
1094
1118
1106
1119
1100
1106
1142
1103
1100
1100
1128
1124
1133
1090
1145
1096
1135
1074
1073
1134
1152
1098
1142
1084
1111
1145
1148
1132
1094
1075
1135
1138
1156
1139
1131
1102
1118
1149
1109
1121
1130
1118
1145
1128
1112
1110
1123
1091
1145
1119
1147
1125
1140
1122
1137
1080
1137
1112
1120
1101
1087
1151
1131
1128
1153
1128
1126
1105
1144
1146
1141
1095
1136
1125
1144
1109
1084
1085
1137
1145
1136
1120
1145
1109
1122
1104
1139
1142
1105
1083
1148
1063
1095
1145
1127
1139
1119
1131
1121
1121
1144
1096
1148
1145
1138
1102
1072
1150
1117
1113
1149
1131
1104
1127
1138
1118
1137
1123
1059
1126
1137
1075
1146
1084
1023
1131
1150
1123
1124
1135
1065
1152
1119
1123
1129
1110
1138
1132
1157
1126
1140
1131
1137
1098
1102
1107
1121
1113
1112
1082
1131
1121
1130
1097
1110
1114
1131
1115
1130
1148
1122
1141
1126
1096
1121
1130
1117
1138
1116
1091
1070
1122
1141
1129
1143
1067
1138
1137
1042
1125
1153
1145
1127
1108
1131
1128
1139
1124
1121
1143
1117
1121
1114
1101
1069
1119
1118
1128
1118
1103
1132
1105
1134
1128
1078
1081
1152
1105
1111
1135
1105
1118
1118
1119
1139
1115
1128
1093
1093
1096
1095
1142
1116
1141
1142
1117
1136
1100
1130
1071
1050
1117
1066
1112
1116
1145
1099
1092
1121
1097
1125
1116
1145
1143
1139
1140
1041
1125
1156
1107
1100
1120
1138
1107
1075
1144
1128
1114
1114
1104
1138
1091
1073
1140
1127
1115
1139
1156
1120
1125
1118
1100
1127
1112
1141
1108
1122
1103
1141
1110
1117
1129
1141
1142
1143
1134
1144
1122
1126
1140
1120
1132
1154
1119
1115
1110
1143
1129
1126
1135
1143
1085
1133
1096
1144
1107
1091
1094
1135
1125
1133
1145
1127
1142
1105
1147
1147
1089
1124
1101
1149
1048
1100
1121
1101
1148
1111
1129
1066
1112
1155
1097
1141
1115
1104
1116
1118
1138
1074
1136
1154
1124
1127
1109
1130
1098
1135
1124
1074
1111
1138
1130
1140
1117
1128
1109
1133
1097
1141
1126
1167
1140
1114
1159
1141
1126
1099
1097
1126
1113
1139
1118
981
1118
1105
1119
1137
1080
1148
1086
1095
1141
1079
1123
1123
1127
1136
1050
1134
1116
1146
1156
1142
1096
1122
1144
1117
1143
1069
1095
1097
1110
1057
1127
1049
1135
1135
1132
1164
1097
1135
1153
1121
1117
1132
1102
1103
1100
1096
1135
1153
1118
1100
1111
1098
1136
1148
1143
1078
1077
1158
1145
1124
1137
1127
1116
1123
1106
1123
1115
1092
1136
1080
1126
1076
1098
1108
1143
1122
1131
1015
1100
1049
1118
1127
1129
1096
1153
1128
1122
1114
1132
1156
1161
1121
1119
1131
1101
1152
1126
1143
1145
1129
1066
1144
1091
1132
1126
1140
1111
1141
1062
1103
1122
1150
1144
1087
1135
1140
1126
1109
1112
1135
1123
1061
1111
1107
1117
1136
1138
1099
1128
1144
1135
1121
1106
1111
1113
1136
1135
1118
1087
1094
1157
1113
1133
1114
1099
1146
1105
1092
1073
1132
1133
1146
1069
1111
1129
1107
1134
1121
1126
1125
1119
1091
1140
1133
1133
1144
1036
1141
1081
1089
1124
1105
1137
1115
1057
1164
1148
1156
1137
1097
1117
1120
1087
1118
1081
1130
1143
1140
1111
1036
1146
1125
1078
1136
1085
1130
1111
1128
1113
1110
1113
1130
1061
1102
1089
1109
1151
1119
1092
1136
1135
1073
1088
1112
1120
1104
1106
1088
1135
1112
1057
1131
1119
1148
1122
1112
1176
1114
1025
1154
1104
1122
1096
1135
1106
1096
1097
1119
1131
1093
1151
1110
1111
1125
1126
1107
1038
1130
1128
1138
1132
1114
1103
1129
1141
1113
1125
1117
1135
1154
1131
1078
1074
1132
1117
1116
1134
1114
1143
1094
1069
1109
1073
1111
1092
1150
1147
1160
1123
1136
1163
1150
1127
1123
1053
1139
1142
1109
1130
1104
1100
1134
1103
1123
1129
1138
1135
1141
1139
1058
1122
1136
1122
1138
1128
1150
1109
1071
1114
1087
1139
1120
1093
1116
1114
1018
1121
1141
1122
1099
1134
1139
1120
1063
1142
1126
1112
1119
1129
1095
1097
1118
1131
1046
1127
1126
1129
1081
1126
1126
1148
1121
1115
1133
1125
1099
1142
1121
1156
1116
1060
1136
1151
1114
1125
1149
1117
1109
1128
1144
1114
1138
1150
1123
1111
1142
1157
1111
1087
1091
1151
1125
1132
1071
1145
1135
1143
1101
1080
1136
1140
1136
1022
1124
1138
1131
1081
1074
1087
1087
1116
1143
1143
1125
1141
1139
1151
1045
1139
1131
1133
1076
1132
1125
1078
1100
1075
1129
1120
1111
1135
1166
1113
1152
1110
1141
1120
1110
1138
1098
1135
1104
1012
1120
1108
1081
1150
1137
1067
1136
1151
1141
1142
1124
1139
1129
1120
1145
1132
1058
1141
1131
1114
1066
1115
1085
1136
1068
1055
1069
1117
1137
1137
1129
1096
1102
1135
1114
1095
1108
1160
1126
1134
1123
1094
1106
1133
1128
1116
1131
1128
1131
1108
1148
1140
1147
1121
1085
1127
1117
1116
1138
1128
1119
1109
1108
1109
1149
1128
1131
1123
1137
1133
1124
1103
1122
1146
1107
1113
1124
1108
1051
1159
1141
1121
1109
1122
1084
1098
1139
1137
1132
1058
1132
1125
1123
1112
1099
1142
1149
1119
1095
1105
1101
1143
1135
1156
1132
1125
1123
1123
1149
1082
1156
1102
1141
1102
1125
1067
1111
1111
1113
1025
1072
1153
1120
1098
1119
1147
1135
1110
1127
1111
1116
1097
1149
1119
1132
1104
1080
1065
1117
1088
1123
1123
1145
1062
1141
1123
1119
1142
1102
1101
1122
1107
1082
1135
1126
1148
1119
1091
1122
1148
1096
1158
1096
1067
1144
1137
1150
1132
1120
1122
1145
1134
1125
1149
1139
1120
1103
1141
1136
1143
1094
1088
1129
1114
1088
1101
1141
1130
1135
1125
1108
1016
1133
1105
1127
1086
1129
1125
1149
1122
1127
1097
1130
1133
1133
976
1114
1123
1097
1118
1156
1109
1149
1089
1105
1133
1069
1135
1149
1136
1135
1085
1160
1106
1028
1113
1138
1129
1122
1091
1119
1101
1137
1117
1063
1044
1135
1116
1104
1130
1121
1138
1083
1078
1101
1151
1090
1056
1143
1126
1119
1135
1137
1144
1100
1149
1076
1134
1123
1135
1126
1110
1153
1112
1095
1127
1140
1114
1115
1135
1126
1133
1132
1121
1120
1138
1125
1088
1138
1129
1143
1146
1121
1113
1121
1106
1108
1119
1084
1116
1122
1091
1127
1096
1124
1125
1101
1111
1123
1124
1125
1096
1114
1127
1106
1118
1144
1120
1131
1136
1133
1140
1114
1112
1065
1136
1127
1134
1130
1098
1126
1130
1154
1057
1126
1135
1059
1047
1094
1053
1108
1107
1086
1137
1117
1147
1107
1137
1114
1102
1112
1125
1089
1124
1116
1111
1137
1090
1132
1099
1113
1132
1140
1122
1079
1119
1147
1122
1132
1137
1146
1140
1088
1111
1144
1031
953
1137
1121
1131
1064
1153
1110
1126
1129
1087
1133
1079
1145
1153
1103
1103
1127
1113
1123
1137
1134
1090
1109
1149
1127
1096
1085
1141
1110
1109
1117
1143
1145
1104
1142
1093
1121
1075
1125
1064
1094
1112
1130
1128
1134
1137
1070
1142
1147
1123
1085
1115
1107
1098
1124
1133
1125
1117
1152
1124
1086
1141
1125
1111
1132
1130
1145
1114
1096
1145
1143
1155
1086
1121
1106
1123
1119
1108
1102
1138
1122
1129
1049
1129
1133
1079
1129
1125
1092
1111
1116
1144
1150
1119
1070
1127
1065
1107
1107
1133
1066
1137
1126
1148
1089
1090
1138
1137
1141
1070
1151
1131
1115
1137
1009
1126
1143
1107
1110
1113
1141
1149
1070
1099
1147
1131
1101
1128
1124
1141
1125
1100
1133
1141
1128
1145
1111
1141
1100
1129
1118
1128
1150
1106
1130
1126
1134
1088
1103
1143
1060
1113
1135
1087
1138
1119
1119
1114
1133
1156
1106
1128
1128
1104
1146
1114
1137
1124
1125
1148
1123
1131
1132
1072
1139
1133
1141
1117
1141
1097
1075
1146
1128
1115
1151
1130
1090
1077
1099
1084
1055
1076
1117
1126
1140
1132
1138
996
1046
1124
1097
1127
1091
1107
1126
1152
1145
1144
1106
1068
1152
1129
1150
1134
1146
1151
1071
1138
1147
1130
1143
1072
1099
1098
1094
1111
1119
1129
1129
1147
1155
1097
1137
1116
1109
1148
1139
1140
1123
1131
1102
1133
1095
1136
1144
1135
1137
1148
1137
1059
1100
1084
1084
1090
1136
1105
1120
1121
1110
1106
1086
1133
1083
1134
1122
1173
1139
1132
1074
1139
1115
1092
1141
1121
1108
1141
1135
1035
1082
1150
1099
1162
1113
1108
1157
1054
1090
1116
1122
1102
1139
1142
1112
1126
1149
1117
1122
1146
1115
1122
1149
1132
1107
1122
1100
1138
1114
1131
1108
1052
1148
1102
1113
1130
1142
1086
1146
1133
1119
1121
1115
1149
1119
1139
1137
1138
1146
1134
1090
1143
1122
1140
1124
1143
1118
1145
1028
1131
1112
1103
1102
1144
1107
1140
1127
1130
1035
1105
1161
1119
1095
1084
1132
1159
1141
1107
1067
1139
1091
1124
1139
1135
1147
1130
1102
1081
1053
1139
1130
1129
1097
1073
1126
1125
1097
1125
1084
1119
1113
1108
1096
1128
1136
1166
1130
1138
1058
1117
1137
1109
1125
1128
1118
1125
1140
1102
1144
1124
1117
1118
1112
1123
1133
1061
1113
1109
1132
1087
1127
1035
1134
1104
1134
1130
1156
1121
1021
1131
1109
1099
1118
1106
1144
1142
1144
1150
1138
1117
1146
1145
1100
1081
1104
1115
1127
1114
1111
1099
1088
1133
1112
1126
1120
1085
1131
1121
1099
1129
1140
1084
1041
1142
1093
1112
1135
1134
1085
1119
1123
1050
1090
1126
1106
1117
1134
1117
1143
1111
1091
1072
1108
1123
1103
1146
1155
1137
1086
1050
1087
1124
1064
1119
1118
1109
1114
1018
1126
1142
1134
1100
1129
1115
1164
1115
1083
1075
1079
1135
1085
1125
1149
1129
1139
1133
1097
1141
1070
1127
1129
1086
1124
1095
1130
1111
1109
1117
1142
1122
1159
1151
1127
1052
1137
1121
1128
1102
1128
1121
1075
1111
1128
1102
1120
1140
1077
1132
1088
1094
1130
1093
1127
1131
1134
1134
1127
1137
1115
1118
1116
1147
1065
1106
1140
1136
1113
1129
1075
1098
1131
1116
1133
1135
1089
1091
1106
1152
1102
1147
1165
1107
1066
1127
1133
1136
1162
1151
1131
1151
1129
1127
1136
1136
1139
1151
1117
1123
1151
1132
1103
1134
1156
1134
1142
1112
1131
1130
1143
1135
1116
1117
1087
1148
1101
1130
1117
1133
1096
1140
1156
1152
1116
1122
1147
1113
1138
1128
1117
1128
1098
1126
1117
1105
1135
1086
1076
1111
1123
1135
1137
1108
1136
1104
1075
1127
1140
1120
1045
1137
1120
1065
1106
1060
1140
1128
1156
1104
1117
1082
1134
1142
1124
1077
1142
1136
1130
1114
1118
1126
1135
1132
1141
1119
1100
1096
1098
1062
1099
1114
1129
1142
1096
1044
1139
1112
1123
1106
1122
1117
1106
1108
1128
1122
1120
1122
1102
1127
1102
1113
1157
1099
1131
1116
1110
1113
1139
1145
1042
1146
1151
1080
1131
1095
1150
1134
1105
1108
1121
1071
1138
1102
1141
1125
1149
1098
1089
1143
1124
1128
1144
1056
1107
1135
1153
1128
1105
1100
1129
1128
1078
1112
1126
1145
1072
1117
1092
1115
1127
1131
1148
1139
1097
1126
1096
1147
1073
1135
1134
1094
1113
1074
1100
1140
1075
1135
1133
1093
1142
1111
1137
1154
1118
1129
1156
1106
1098
1074
1135
1113
1117
1093
1090
1131
1090
1122
1120
1125
1141
1118
1084
1111
1134
1146
1107
1137
1140
1117
1120
1118
1091
1124
1126
1133
1082
1145
1116
1123
1141
1006
1109
1123
1115
1112
1137
1081
1143
1130
1148
1129
1152
1113
1037
1095
1099
1120
1088
1122
1093
1089
1131
1111
1149
1111
1117
1141
1112
1140
1114
1088
1126
1137
1049
1158
1139
1120
1093
1093
1079
1134
1131
1132
1149
1080
1093
1078
1051
1092
1130
1126
1122
1119
1120
1079
1125
1126
1124
1094
1130
1140
1096
1133
1136
1143
1113
1080
1139
1130
1074
1133
1077
1114
1136
1059
1123
1124
1050
1106
1148
1128
1161
1144
1117
1165
1138
1133
1075
1151
1111
1086
1140
1136
1156
1155
1130
1093
1122
1138
1134
1132
1123
1106
1119
1087
1141
1084
1149
1090
1134
1129
1130
1131
1149
1114
1083
1078
1075
1129
1144
1135
1118
1118
1122
1132
1147
1109
1108
1126
1083
1132
1112
1103
1155
1119
1138
1130
1063
1108
1155
1130
1102
1132
1086
1133
1120
1110
1138
1129
1104
1055
1124
1092
1120
1107
1144
1125
1134
1113
1120
1090
1096
1121
1103
1120
1137
1148
1123
1149
1137
1128
1126
1158
1147
1136
1128
1150
1112
1106
1081
1145
1107
1127
1133
1142
1102
1093
1148
1125
1085
1135
1038
1143
1128
1140
1133
1130
1097
1151
1136
1127
1134
1137
1151
1079
1136
1150
1103
1130
1097
1096
1140
1059
1138
1077
1086
1097
1121
1115
1133
1078
1129
1102
1138
1093
1125
1132
1136
1145
1143
1149
1079
1100
1118
1102
1103
1040
1139
1077
1132
1133
1108
1150
1106
1111
1074
1070
1142
1137
1128
1084
1127
1126
1082
1148
1149
1139
1122
1135
1140
1131
1118
1136
1130
1053
1150
1093
1112
1102
1122
1146
1086
1121
1106
1135
1144
1152
1128
1107
1110
1155
1127
1076
1098
1112
1088
1134
1133
1128
1109
1085
1127
1144
1145
1095
1151
1117
1127
1073
1118
1140
1085
1103
1048
1138
1088
998
1122
1070
1140
1116
1106
1107
1133
1108
1116
1123
1107
1129
1124
1125
1128
1142
1161
1124
1138
1124
1160
1152
1115
1113
1118
1136
1133
1115
1127
1155
1127
1137
1126
1100
1147
1058
1145
1131
1141
1117
1106
1158
1127
1089
1071
1107
1101
1150
1122
1097
1077
1126
1119
1142
1103
1070
1129
1089
1147
1141
1132
1139
1119
1136
1119
1071
1131
1081
1132
1102
1124
1122
1085
1141
1140
1084
1140
1115
1097
1144
1139
1141
1139
1083
1139
1133
1075
1113
1143
1079
1111
1112
1125
1113
1135
1140
1149
1113
1157
1145
1105
1110
1134
1122
1145
1149
1124
1133
1133
1137
1126
1138
1125
1128
1115
1134
1059
1109
1129
1124
1131
1125
1094
1107
1131
1076
1137
1151
1096
1074
1105
1112
1100
1126
1142
1110
1109
1142
1128
1087
1011
1134
1142
1089
1056
1096
1123
1098
1127
1106
1120
1135
1085
1147
1130
1129
1149
1087
1122
1106
1108
1139
1109
1143
1126
1109
1108
1077
1110
1097
1118
1063
1073
1074
1131
1141
1138
1129
1124
1062
1117
1152
1124
981
1109
1148
1148
1153
1104
1087
1149
1115
1100
1126
1143
1077
1139
1097
1046
1102
1107
1133
1127
1086
1140
1120
1138
1122
1133
1066
1129
1124
1101
1109
1067
1141
1100
1128
1139
1046
1096
1114
1101
1141
1075
1126
1133
1124
1127
1086
1133
1097
1142
1119
1123
1105
1139
1071
1128
1125
1129
1109
1094
1054
1134
1128
1140
1128
1126
1130
1112
1123
1104
1133
1127
1057
1149
1132
1133
1135
1105
1129
1138
1068
1141
1117
1106
1101
1082
1151
1130
1108
1146
1146
1160
1107
1115
1131
1130
1132
1091
1090
1154
1141
1138
1097
1089
1142
1124
1137
1077
1110
1112
1117
1121
1106
1030
1147
1121
1105
1136
1137
1136
1131
1142
1108
1102
1088
1126
1073
1141
1106
1054
1115
1141
1118
1100
1110
1137
1130
1139
1138
1106
1114
1099
1127
1126
1141
1101
1121
1142
1148
1128
1131
1118
1111
1157
1148
1122
1153
1115
1120
1097
1123
1122
1135
1150
1135
1083
980
1105
1138
1119
1104
1065
1122
1124
1063
1137
1119
1130
1073
1105
1102
1125
1070
1060
1129
1134
1074
1083
1078
1072
1136
1133
1126
1146
1148
1124
1115
1116
1049
1127
1136
1133
1114
1109
1099
1100
1091
1123
1158
1124
1075
1079
1144
1128
1121
1130
1118
1134
1116
1149
1133
1135
1138
1078
1108
1082
1139
1142
1102
1143
1139
1060
1146
1143
1138
1088
1124
1112
1136
1141
1104
1087
1133
1048
1116
1096
1122
1107
1064
1111
1144
1125
1154
1127
1112
1115
1132
1143
1112
1136
1107
1119
1065
1126
1142
1108
1127
1109
1073
1138
1067
1160
1025
1100
1143
1038
1130
1122
1122
1126
1130
1118
1078
1101
1111
1114
1145
1120
1104
1133
1134
1135
1153
1140
1147
1113
1085
1094
1133
1113
1147
1123
1120
1143
1111
1126
1129
1129
1127
1086
1135
1123
1027
1086
1145
1126
1127
1122
1136
1133
1128
1155
1140
1077
1128
1120
1117
1103
1137
1134
1102
1129
1098
1153
1117
1134
1103
1114
1130
1070
1143
1125
1088
1128
1111
1127
1130
1130
1134
1125
1109
1120
1105
1100
1145
1051
1116
1112
1151
1112
1109
1145
1101
1132
1092
1125
1137
1133
1106
1120
1087
1128
1121
1107
1097
1105
1154
1066
1068
1131
1112
1121
1119
1146
1141
1061
1081
1140
1120
1104
1135
1153
1166
1116
1124
1099
1153
1127
1107
1083
986
1132
1123
1137
1147
1109
1135
1132
1119
1142
1112
1109
1122
1096
1123
1145
1100
1125
1141
1118
1149
1128
1089
1111
1111
1093
1140
1140
1129
1131
1158
1142
1031
1076
1129
1138
1081
986
1128
1114
1116
1124
1165
1111
1146
1112
1111
1112
1109
1115
1155
1117
1138
1099
1150
1139
1126
1150
1098
1071
1146
1134
1121
1138
1156
1166
1099
1069
1090
1105
1136
1117
1115
1135
1148
1125
1142
1132
1151
1121
1141
1127
1119
1127
1085
1096
1134
1116
1095
1052
1075
1102
1132
1097
1143
1146
1094
1121
1065
1106
1130
1141
1148
1125
1118
1091
1139
1113
1117
1087
1112
1138
1133
1130
1136
1121
1093
1139
1131
1131
1133
1138
1129
1068
1133
1143
1153
1093
1061
1125
1150
1048
1071
1122
1118
1136
1131
1096
1111
1149
1146
1117
1129
1112
1149
1026
1127
967
1118
1077
1121
1141
1095
1119
1104
1118
1110
1138
1143
1114
1060
1098
1141
1128
1117
1112
1133
1146
1124
1116
1137
1112
1104
1133
1135
1068
1121
1134
1031
1091
1134
1127
1133
1118
1053
1111
1126
1113
1103
1132
1144
1106
1116
1114
1074
1131
1147
1119
1139
1085
1030
1126
1124
1120
1121
1094
1121
1106
1078
1128
1069
1094
1111
1124
1101
1111
1122
1032
1117
1103
1164
1134
1154
1142
1148
1096
1125
1084
1123
1116
1099
1114
1128
1148
1153
1126
1084
1119
1105
1124
1140
1157
1143
1133
1089
1101
1132
1109
1109
1104
1131
1095
1169
1036
1145
1128
1046
1108
1149
1153
1045
1110
1102
1136
1093
1139
1065
1137
1111
1137
1091
1103
1110
1074
1135
1118
1133
1133
1131
1138
1155
1152
1147
1058
1120
1143
1084
1094
1117
1114
1138
1106
1121
1145
1095
1128
1139
1117
1081
1139
1082
1137
1131
1108
1117
1058
1118
1085
1145
1126
1026
1075
1140
1124
1067
1109
1095
1126
1135
1084
1075
1108
1057
1093
1123
1124
1122
1126
1126
1102
1091
1118
1141
1070
1125
1150
1098
1120
1153
1144
1109
1146
1015
1109
1115
1093
1126
1140
1154
1132
1114
1127
1113
1103
1147
1130
1135
1147
1135
1076
1072
1135
1128
1100
1086
1104
1126
1125
1078
1138
1086
1156
1137
1147
1130
1130
1142
1132
1131
1132
1131
1141
1124
1134
1132
1128
1093
1130
1144
1141
1134
1125
1135
1131
1127
1111
1130
1094
1122
1126
1143
1086
1131
1110
1125
1147
1123
1107
1128
1047
1145
1138
1130
992
1144
1122
1116
1125
1098
1127
1140
1118
1084
1112
1138
1014
1147
1105
1092
1132
1124
1130
1119
1082
1091
1151
1110
1117
1070
1136
1124
1108
1136
1115
1122
1119
1119
1123
1125
1117
1150
1123
1094
1125
1146
1052
1097
1110
1139
1145
1127
1143
1133
1118
1132
1134
1126
1128
1141
1134
1137
1138
1126
1101
1089
1102
1140
1086
1105
1102
1134
1098
1151
1139
1138
1143
1109
1133
1146
1142
1109
1148
1081
1133
1125
1137
1121
1082
1134
1155
1087
1079
1136
1089
1149
1121
1128
1156
1088
1116
1102
1008
1146
1114
1147
1026
1123
1128
1035
1145
1108
1118
1132
1119
1133
1135
1138
1122
1059
1131
1139
1086
1134
1087
1036
1103
1077
1150
1151
1131
1141
1117
1141
1106
1107
1122
1125
1113
1147
1129
1146
1108
1155
1134
1131
1144
1134
1138
1141
1103
1136
1112
1062
1075
1135
1121
1150
1138
1135
1126
1136
1131
1135
1106
1149
1106
1153
1008
1161
1146
1047
1077
1128
1094
1107
1027
1132
1101
1133
1115
1052
1156
1130
1109
1063
1129
1125
1114
1145
1099
1124
1041
1155
1138
1098
1070
1141
1133
1126
1153
1083
1130
1095
1103
1098
1142
1134
1159
1153
1098
1093
1096
1100
1118
1090
1145
1141
1106
1111
1122
1116
1119
1135
1096
1091
1112
1109
1074
1080
1141
1135
1138
1125
1131
1102
1049
1062
1158
1105
1154
1133
1090
1144
1134
1122
1117
1132
1146
1126
1142
1146
1146
1142
1145
1128
1105
1148
1120
1099
1118
1117
1107
1081
1098
1109
1134
1063
1095
1154
1072
1088
1133
1099
1123
1122
1130
1128
1142
1135
1092
1117
1121
1095
1119
1134
1134
1126
1125
1105
1123
1110
1105
1136
1127
1138
1109
1139
1165
1125
1121
1120
1067
1131
1134
1121
1137
1124
1087
1097
1104
1068
1115
1136
1121
1150
1090
1110
1114
1139
1140
1141
1104
1139
1136
1138
1100
1023
1122
1101
1151
1136
1133
1149
1082
1111
1062
1102
1137
1152
1133
1151
1097
1111
1133
1112
1137
1141
1145
1128
1127
1096
1087
1115
1141
1112
1100
1140
1063
1126
1131
1123
1064
1158
1127
1123
1125
1146
1113
1119
1138
1082
979
1106
1079
1125
1092
905
1088
1127
1127
1123
1143
1136
1115
1107
1101
1115
1110
1094
1094
1155
1100
1113
1139
1086
1105
1003
1084
1139
1112
1098
1138
1141
1108
1145
1157
1105
1089
1111
1141
1095
1132
1136
1148
1154
1130
1126
1085
1129
1118
1104
1155
1070
1134
1122
1071
1107
1097
1062
1132
1133
1131
1019
1137
1061
1128
1049
1136
1136
1161
1091
1139
1143
1096
1024
1117
1144
1112
1140
1078
1134
1111
1086
1136
1147
1116
1130
1136
1118
1131
1148
1140
1147
1071
1124
1087
1102
1117
1121
1130
1029
1126
1138
1148
1137
1090
1141
1113
1122
1139
1122
1120
1069
1140
1130
1120
1111
1123
1120
1106
1070
1132
1131
1086
1151
1076
1132
1018
1137
1116
1095
1115
1143
1088
1136
1090
1127
1104
1122
1134
1150
1083
1153
1142
1132
1144
1143
1134
1105
1074
1125
1132
1126
1095
1096
1088
1116
1128
1095
1121
1146
1128
1144
1086
1100
1151
1098
1131
1095
1121
1110
1128
1114
1126
1070
1142
1079
1116
1098
1140
1123
1120
1089
1126
1148
1127
1118
1143
1088
1093
1116
1117
1101
1112
1075
1133
1110
1150
1142
1147
1093
1124
1142
1135
1108
1127
1143
1158
1106
1145
1111
1139
1120
1139
1109
1099
1095
1147
1136
1136
1130
1135
1095
1090
1088
1090
1100
1132
1121
1084
1131
1132
1134
1120
1115
1069
1110
1135
1148
1107
1115
1114
1123
1100
1136
1060
1133
1160
1124
1138
1101
1140
1144
1122
1139
1109
1157
1100
1127
1132
1111
1143
1116
1032
1132
1132
1139
1060
1133
1027
1087
1103
1087
1126
1072
1123
1126
1048
1144
1150
1149
1124
1120
1082
1116
1150
1144
1116
1140
1086
1138
1058
1131
1115
1142
1127
1058
1136
1080
1055
1139
1089
1099
1060
1127
1139
1120
1150
1161
1110
1125
1048
1116
1118
1147
1130
1119
1122
1122
1139
1140
1110
1113
1134
1104
1120
1128
1040
1159
1124
1129
1123
1048
1105
1143
1100
1129
1143
1129
1129
1130
1118
1135
1118
1123
1121
1089
1110
1086
1140
1143
1119
1125
1136
1134
1115
1127
1105
1153
1082
1132
1065
1041
1155
1107
1120
1080
1077
1077
1102
1131
1156
1157
1113
1125
1128
1127
1112
1123
1059
1120
1130
1142
1144
1125
1121
1130
1135
1148
1010
1071
1060
1134
1106
1093
1119
1068
1137
1131
1142
1146
1132
1151
1130
1158
1113
1085
1135
1137
1130
1105
1109
1060
1114
1123
1116
1119
1156
1115
1101
1125
1132
1088
1071
1133
1130
1121
1114
1039
1118
1097
1150
1124
1085
1143
1101
1114
1126
1083
1113
1097
1108
1142
1133
1129
1103
1108
1138
1138
1137
1060
1133
1154
1089
1118
1103
1099
1105
1129
1110
1139
1042
1120
1125
1068
1141
1114
1107
1137
1075
1116
1082
1136
1136
1117
1134
1127
1121
1093
1127
1057
1133
1127
1074
1108
1116
1129
1093
1116
1095
1133
1136
1153
1124
1114
1121
1042
1087
1144
1098
1130
1103
1091
1059
1125
1135
1123
1119
1114
1126
1134
1112
1109
1120
1136
1107
1113
1132
1104
1131
1135
1137
1148
1123
1067
1114
1102
1148
1149
1105
1136
1112
1106
1141
1101
1152
1116
1136
1100
1058
1065
1090
1135
1109
1137
1149
1117
1110
1118
1146
1099
1114
1152
1136
1083
1141
1044
1098
1117
1127
1136
1115
1073
1094
1156
1104
1133
1095
1083
1134
1119
1089
1112
1122
1090
1110
1115
1082
1124
1094
1119
1136
1056
1117
1136
1134
1101
1096
1065
1139
1128
1145
1147
1103
1084
1104
1103
1140
1112
1147
1091
1134
1124
1132
1100
1143
1133
1124
1121
1140
1123
1146
1146
1147
1153
1128
1088
1116
1084
1092
1099
1120
1127
1127
1135
1115
1067
1134
1141
1093
1108
1141
1110
1094
1135
1129
1145
1101
1146
1136
1108
1127
1103
1124
1089
1108
1117
1083
1146
1125
1146
1142
1121
1142
1143
1104
1124
1126
1076
1113
1147
1098
1082
1139
1026
1148
1112
1110
1110
1121
1130
1112
1049
1151
1080
1074
1057
1047
1146
1072
1118
1040
1109
1128
1093
1143
1130
1115
1134
1143
1093
1060
1146
1073
1147
1141
1104
1117
1105
1132
1136
1100
1149
1105
1142
1091
1060
1136
1117
1141
1130
1101
1150
1117
1105
1044
1129
1126
1117
1153
1125
1135
1078
1142
1056
1148
1127
1150
1096
1137
1152
1128
1126
1139
1152
1122
1137
1126
1155
1150
1127
1109
1115
1049
1123
1126
1147
1005
1142
1036
1147
1124
1085
1059
1113
1121
1135
1126
1139
1130
1095
1093
1090
1149
1119
1128
1102
1139
1070
1146
1129
1131
1109
1109
1119
1126
1102
1140
1097
1132
1132
1090
1137
1123
1123
1161
1120
1129
1122
1138
1122
1100
1107
1052
1089
1127
1115
1122
1134
1151
1146
1068
1119
1103
1133
1098
1126
1140
1129
1150
1128
1127
1135
1120
1130
1093
1148
1129
1146
1138
1160
1092
1098
1043
1103
1137
1104
1125
1160
1108
1165
1116
1107
1143
1119
1089
1098
1074
1104
1137
1157
1092
1021
1112
1121
1134
1087
1151
1106
1132
1111
1126
1153
1122
1112
1151
1100
1154
1101
1135
1126
1046
1143
1065
1122
1105
1142
1141
1138
1130
1113
1099
1142
1107
1155
1150
1100
1142
1130
1084
1144
1130
1116
1105
1121
1085
1102
1123
1081
1101
1115
1142
1077
1145
1097
1085
1133
1129
1094
1111
1137
1143
1162
1076
1137
1112
1127
1094
1126
1131
1045
1160
1076
1120
1120
1128
1146
1094
1109
1135
1135
1058
1137
1121
1111
