8.190000000000000000e+02 1.300000000000000000e+01 1.610000000000000000e+02 9.831932773109243184e-01 8.348623853211009083e-01
1.129000000000000000e+03 8.000000000000000000e+00 6.000000000000000000e+00 9.920913884007029893e-01 9.938380281690141205e-01
9.920000000000000000e+02 4.000000000000000000e+00 4.000000000000000000e+01 9.949849548645938180e-01 9.603097773475314236e-01
9.910000000000000000e+02 1.100000000000000000e+01 1.900000000000000000e+01 9.880358923230309065e-01 9.802176063303659204e-01
9.710000000000000000e+02 3.600000000000000000e+01 1.100000000000000000e+01 9.632936507936508130e-01 9.877924720244150025e-01
8.780000000000000000e+02 9.000000000000000000e+00 1.400000000000000000e+01 9.887387387387387427e-01 9.832026875699888535e-01
9.150000000000000000e+02 1.300000000000000000e+01 4.300000000000000000e+01 9.849300322927879714e-01 9.541188738269029690e-01
1.013000000000000000e+03 6.000000000000000000e+00 1.500000000000000000e+01 9.931372549019608087e-01 9.844509232264334608e-01
9.380000000000000000e+02 1.000500000000000000e+04 3.600000000000000000e+01 8.570906432748537362e-02 9.620512820512820973e-01
9.790000000000000000e+02 1.900000000000000000e+01 3.000000000000000000e+01 9.799799799799799871e-01 9.693069306930692797e-01
0.000000000000000000e+00 2.510000000000000000e+02 1.000000000000000000e+04 0.000000000000000000e+00 0.000000000000000000e+00
